0.037652
0.0377205
0.0386343
0.0396323
0.0405075
0.0411627
0.0416072
0.0418852
0.0420379
0.0420951
0.0420765
0.0419945
0.0418566
0.0416682
0.0414336
0.0411572
0.0408442
0.0405005
0.0401319
0.0397435
0.0393388
0.0389193
0.0384848
0.0380343
0.0375664
0.0370808
0.0365783
0.036061
0.0355322
0.0349959
0.034456
0.0339164
0.0333805
0.0328509
0.0323297
0.0318187
0.0313189
0.0308313
0.0303568
0.0298962
0.02945
0.0290192
0.0286041
0.0282056
0.0278241
0.0274599
0.0271133
0.0267845
0.0264734
0.0261797
0.0259032
0.0256434
0.0253996
0.0251714
0.0249579
0.0247584
0.0245721
0.0243983
0.0242361
0.0240848
0.0239437
0.023812
0.023689
0.0235741
0.0234668
0.0233664
0.0232724
0.0231843
0.0231018
0.0230242
0.0229514
0.0228828
0.0228183
0.0227574
0.0226999
0.0226456
0.0225942
0.0225455
0.0224994
0.0224555
0.0224139
0.0223742
0.0223364
0.0223004
0.0222659
0.022233
0.0222015
0.0221714
0.0221424
0.0221147
0.022088
0.0220624
0.0220377
0.0220139
0.0219909
0.0219688
0.0219474
0.0219267
0.0219067
0.0218874
0.0218686
0.0218504
0.0218328
0.0218157
0.021799
0.0217829
0.0217671
0.0217518
0.0217369
0.0217224
0.0217083
0.0216945
0.021681
0.0216678
0.021655
0.0216424
0.0216302
0.0216182
0.0216065
0.021595
0.0215837
0.0215727
0.0215619
0.0215514
0.021541
0.0215308
0.0215209
0.0215111
0.0215015
0.021492
0.0214828
0.0214737
0.0214648
0.021456
0.0214473
0.0214389
0.0214305
0.0214223
0.0214142
0.0214063
0.0213985
0.0213908
0.0213832
0.0213757
0.0213684
0.0213611
0.021354
0.021347
0.02134
0.0213332
0.0213265
0.0213199
0.0213133
0.0213069
0.0213005
0.0212943
0.0212881
0.021282
0.021276
0.02127
0.0212642
0.0212584
0.0212527
0.021247
0.0212415
0.021236
0.0212305
0.0212252
0.0212199
0.0212146
0.0212095
0.0212044
0.0211993
0.0211943
0.0211894
0.0211845
0.0211797
0.0211749
0.0211702
0.0211655
0.0211609
0.0211564
0.0211518
0.0211473
0.0211429
0.0211385
0.0211342
0.0211299
0.0211256
0.0211214
0.0211172
0.021113
0.0211089
0.0211048
0.0211007
0.0210967
0.0210927
0.0210888
0.0210848
0.0210809
0.0210771
0.0210732
0.0210694
0.0210656
0.0210618
0.0210581
0.0210544
0.0210507
0.021047
0.0210434
0.0210398
0.0210361
0.0210326
0.021029
0.0210255
0.0210219
0.0210184
0.0210149
0.0210115
0.021008
0.0210046
0.0210012
0.0209978
0.0209944
0.020991
0.0209877
0.0209843
0.020981
0.0209777
0.0209744
0.0209712
0.0209679
0.0209647
0.0209615
0.0209582
0.020955
0.0209519
0.0209487
0.0209456
0.0209424
0.0209393
0.0209362
0.0209331
0.02093
0.020927
0.0209239
0.0209209
0.0209179
0.0209149
0.0209119
0.0209089
0.0209059
0.020903
0.0209
0.0208971
0.0208942
0.0208913
0.0208884
0.0208856
0.0208827
0.0208799
0.020877
0.0208742
0.0208714
0.0208686
0.0208658
0.0208631
0.0208603
0.0208576
0.0208549
0.0208522
0.0208495
0.0208468
0.0208441
0.0208414
0.0208388
0.0208361
0.0208335
0.0208309
0.0208283
0.0208257
0.0208231
0.0208205
0.020818
0.0208154
0.0208129
0.0208104
0.0208079
0.0208054
0.0208029
0.0208004
0.0207979
0.0207955
0.020793
0.0207906
0.0207881
0.0207857
0.0207833
0.0207809
0.0207785
0.0207761
0.0207738
0.0207714
0.020769
0.0207667
0.0207644
0.020762
0.0207597
0.0207574
0.0207551
0.0207528
0.0207505
0.0207483
0.020746
0.0207437
0.0207415
0.0207392
0.020737
0.0207348
0.0207326
0.0207303
0.0207281
0.0207259
0.0207237
0.0207216
0.0207194
0.0207172
0.020715
0.0207129
0.0207107
0.0207086
0.0207065
0.0207043
0.0207022
0.0207001
0.020698
0.0206959
0.0206938
0.0206917
0.0206896
0.0206875
0.0206854
0.0206833
0.0206813
0.0206792
0.0206772
0.0206751
0.0206731
0.020671
0.020669
0.020667
0.0206649
0.0206629
0.0206609
0.0206589
0.0206569
0.0206549
0.0206529
0.0206509
0.0206489
0.0206469
0.020645
0.020643
0.020641
0.0206391
0.0206371
0.0206351
0.0206332
0.0206312
0.0206293
0.0206274
0.0206254
0.0206235
0.0206216
0.0206196
0.0206177
0.0206158
0.0206139
0.020612
0.0206101
0.0206082
0.0206063
0.0206044
0.0206025
0.0206006
0.0205987
0.0205969
0.020595
0.0205931
0.0205912
0.0205894
0.0205875
0.0205856
0.0205838
0.0205819
0.0205801
0.0205782
0.0205764
0.0205746
0.0205727
0.0205709
0.0205691
0.0205672
0.0205654
0.0205636
0.0205618
0.02056
0.0205581
0.0205563
0.0205545
0.0205527
0.0205509
0.0205491
0.0205473
0.0205455
0.0205438
0.020542
0.0205402
0.0205384
0.0205366
0.0205349
0.0205331
0.0205313
0.0205295
0.0205278
0.020526
0.0205243
0.0205225
0.0205208
0.020519
0.0205173
0.0205155
0.0205138
0.020512
0.0205103
0.0205086
0.0205068
0.0205051
0.0205034
0.0205016
0.0204999
0.0204982
0.0204965
0.0204948
0.0204931
0.0204913
0.0204896
0.0204879
0.0204862
0.0204845
0.0204828
0.0204811
0.0204795
0.0204778
0.0204761
0.0204744
0.0204727
0.020471
0.0204694
0.0204677
0.020466
0.0204643
0.0204627
0.020461
0.0204593
0.0204577
0.020456
0.0204544
0.0204527
0.0204511
0.0204494
0.0204478
0.0204461
0.0204445
0.0204429
0.0204412
0.0204396
0.020438
0.0204363
0.0204347
0.0204331
0.0204315
0.0204298
0.0204282
0.0204266
0.020425
0.0204234
0.0204218
0.0204202
0.0204186
0.020417
0.0204154
0.0204138
0.0204122
0.0204106
0.020409
0.0204074
0.0204059
0.0204043
0.0204027
0.0204011
0.0203996
0.020398
0.0203964
0.0203949
0.0203933
0.0203917
0.0203902
0.0203886
0.0203871
0.0203855
0.020384
0.0203824
0.0203809
0.0203793
0.0203778
0.0203763
0.0203747
0.0203732
0.0203717
0.0203702
0.0203686
0.0203671
0.0203656
0.0203641
0.0203626
0.0203611
0.0203595
0.020358
0.0203565
0.020355
0.0203535
0.020352
0.0203505
0.0203491
0.0203476
0.0203461
0.0203446
0.0203431
0.0203416
0.0203402
0.0203387
0.0203372
0.0203358
0.0203343
0.0203328
0.0203314
0.0203299
0.0203285
0.020327
0.0203256
0.0203241
0.0203227
0.0203212
0.0203198
0.0203183
0.0203169
0.0203155
0.020314
0.0203126
0.0203112
0.0203098
0.0203084
0.0203069
0.0203055
0.0203041
0.0203027
0.0203013
0.0202999
0.0202985
0.0202971
0.0202957
0.0202943
0.0202929
0.0202915
0.0202901
0.0202888
0.0202874
0.020286
0.0202846
0.0202833
0.0202819
0.0202805
0.0202792
0.0202778
0.0202764
0.0202751
0.0202737
0.0202724
0.020271
0.0202697
0.0202683
0.020267
0.0202657
0.0202643
0.020263
0.0202617
0.0202604
0.020259
0.0202577
0.0202564
0.0202551
0.0202538
0.0202525
0.0202511
0.0202498
0.0202485
0.0202472
0.020246
0.0202447
0.0202434
0.0202421
0.0202408
0.0202395
0.0202382
0.020237
0.0202357
0.0202344
0.0202331
0.0202319
0.0202306
0.0202294
0.0202281
0.0202269
0.0202256
0.0202244
0.0202231
0.0202219
0.0202206
0.0202194
0.0202182
0.0202169
0.0202157
0.0202145
0.0202132
0.020212
0.0202108
0.0202096
0.0202084
0.0202072
0.020206
0.0202048
0.0202036
0.0202024
0.0202012
0.0202
0.0201988
0.0201976
0.0201964
0.0201953
0.0201941
0.0201929
0.0201917
0.0201906
0.0201894
0.0201882
0.0201871
0.0201859
0.0201848
0.0201836
0.0201825
0.0201813
0.0201802
0.020179
0.0201779
0.0201768
0.0201756
0.0201745
0.0201734
0.0201723
0.0201712
0.02017
0.0201689
0.0201678
0.0201667
0.0201656
0.0201645
0.0201634
0.0201623
0.0201612
0.0201601
0.020159
0.020158
0.0201569
0.0201558
0.0201547
0.0201537
0.0201526
0.0201515
0.0201505
0.0201494
0.0201484
0.0201473
0.0201462
0.0201452
0.0201442
0.0201431
0.0201421
0.020141
0.02014
0.020139
0.020138
0.0201369
0.0201359
0.0201349
0.0201339
0.0201329
0.0201319
0.0201309
0.0201299
0.0201289
0.0201279
0.0201269
0.0201259
0.0201249
0.0201239
0.0201229
0.0201219
0.020121
0.02012
0.020119
0.0201181
0.0201171
0.0201161
0.0201152
0.0201142
0.0201133
0.0201123
0.0201114
0.0201104
0.0201095
0.0201086
0.0201076
0.0201067
0.0201058
0.0201048
0.0201039
0.020103
0.0201021
0.0201012
0.0201003
0.0200994
0.0200985
0.0200976
0.0200967
0.0200958
0.0200949
0.020094
0.0200931
0.0200922
0.0200913
0.0200905
0.0200896
0.0200887
0.0200879
0.020087
0.0200861
0.0200853
0.0200844
0.0200836
0.0200827
0.0200819
0.020081
0.0200802
0.0200794
0.0200785
0.0200777
0.0200769
0.020076
0.0200752
0.0200744
0.0200736
0.0200728
0.020072
0.0200712
0.0200704
0.0200696
0.0200688
0.020068
0.0200672
0.0200664
0.0200656
0.0200648
0.020064
0.0200633
0.0200625
0.0200617
0.020061
0.0200602
0.0200594
0.0200587
0.0200579
0.0200572
0.0200564
0.0200557
0.0200549
0.0200542
0.0200534
0.0200527
0.020052
0.0200513
0.0200505
0.0200498
0.0200491
0.0200484
0.0200477
0.0200469
0.0200462
0.0200455
0.0200448
0.0200441
0.0200434
0.0200427
0.0200421
0.0200414
0.0200407
0.02004
0.0200393
0.0200387
0.020038
0.0200373
0.0200367
0.020036
0.0200353
0.0200347
0.020034
0.0200334
0.0200327
0.0200321
0.0200314
0.0200308
0.0200302
0.0200295
0.0200289
0.0200283
0.0200276
0.020027
0.0200264
0.0200258
0.0200252
0.0200246
0.020024
0.0200233
0.0200227
0.0200221
0.0200216
0.020021
0.0200204
0.0200198
0.0200192
0.0200186
0.020018
0.0200175
0.0200169
0.0200163
0.0200158
0.0200152
0.0200146
0.0200141
0.0200135
0.020013
0.0200124
0.0200119
0.0200113
0.0200108
0.0200102
0.0200097
0.0200092
0.0200086
0.0200081
0.0200076
0.0200071
0.0200066
0.020006
0.0200055
0.020005
0.0200045
0.020004
0.0200035
0.020003
0.0200025
0.020002
0.0200015
0.020001
0.0200006
0.0200001
0.0199996
0.0199991
0.0199986
0.0199982
0.0199977
0.0199972
0.0199968
0.0199963
0.0199959
0.0199954
0.019995
0.0199945
0.0199941
0.0199936
0.0199932
0.0199927
0.0199923
0.0199919
0.0199914
0.019991
0.0199906
0.0199902
0.0199898
0.0199893
0.0199889
0.0199885
0.0199881
0.0199877
0.0199873
0.0199869
0.0199865
0.0199861
0.0199857
0.0199853
0.0199849
0.0199846
0.0199842
0.0199838
0.0199834
0.019983
0.0199827
0.0199823
0.0199819
0.0199816
0.0199812
0.0199809
0.0199805
0.0199802
0.0199798
0.0199795
0.0199791
0.0199788
0.0199784
0.0199781
0.0199778
0.0199774
0.0199771
0.0199768
0.0199764
0.0199761
0.0199758
0.0199755
0.0199752
0.0199749
0.0199746
0.0199742
0.0199739
0.0199736
0.0199733
0.019973
0.0199728
0.0199725
0.0199722
0.0199719
0.0199716
0.0199713
0.019971
0.0199708
0.0199705
0.0199702
0.0199699
0.0199697
0.0199694
0.0199692
0.0199689
0.0199686
0.0199684
0.0199681
0.0199679
0.0199676
0.0199674
0.0199671
0.0199669
0.0199667
0.0199664
0.0199662
0.019966
0.0199657
0.0199655
0.0199653
0.0199651
0.0199649
0.0199646
0.0199644
0.0199642
0.019964
0.0199638
0.0199636
0.0199634
0.0199632
0.019963
0.0199628
0.0199626
0.0199624
