0.0384775
0.0392574
0.0403512
0.0412678
0.0419408
0.0424028
0.0427092
0.0429061
0.0430249
0.0430856
0.0431005
0.0430765
0.043018
0.0429277
0.0428082
0.0426633
0.0424988
0.0423217
0.0421397
0.0419585
0.0417809
0.0416059
0.0414303
0.0412492
0.0410575
0.0408502
0.0406227
0.0403703
0.0400884
0.0397721
0.0394168
0.039018
0.0385725
0.0380782
0.0375352
0.0369459
0.0363147
0.0356477
0.0349528
0.0342384
0.0335135
0.0327872
0.032068
0.031364
0.0306824
0.0300291
0.0294089
0.0288252
0.0282799
0.027774
0.0273071
0.026878
0.0264849
0.0261256
0.0257975
0.025498
0.0252246
0.0249747
0.024746
0.0245363
0.0243437
0.0241665
0.0240031
0.023852
0.0237121
0.0235823
0.0234616
0.0233491
0.0232441
0.023146
0.023054
0.0229679
0.0228869
0.0228108
0.0227392
0.0226716
0.0226079
0.0225477
0.0224908
0.022437
0.022386
0.0223377
0.0222919
0.0222485
0.0222072
0.022168
0.0221307
0.0220952
0.0220614
0.0220293
0.0219986
0.0219694
0.0219415
0.0219149
0.0218895
0.0218652
0.021842
0.0218198
0.0217986
0.0217782
0.0217587
0.02174
0.0217221
0.0217048
0.0216883
0.0216724
0.0216571
0.0216423
0.0216281
0.0216144
0.0216012
0.0215885
0.0215762
0.0215643
0.0215527
0.0215416
0.0215307
0.0215202
0.0215101
0.0215001
0.0214905
0.0214811
0.021472
0.0214631
0.0214544
0.021446
0.0214377
0.0214296
0.0214216
0.0214139
0.0214063
0.0213988
0.0213915
0.0213843
0.0213773
0.0213704
0.0213635
0.0213568
0.0213502
0.0213437
0.0213373
0.021331
0.0213248
0.0213186
0.0213125
0.0213065
0.0213006
0.0212947
0.0212889
0.0212832
0.0212776
0.0212719
0.0212664
0.0212609
0.0212554
0.0212501
0.0212447
0.0212394
0.0212342
0.021229
0.0212238
0.0212187
0.0212136
0.0212086
0.0212036
0.0211986
0.0211937
0.0211888
0.021184
0.0211792
0.0211744
0.0211696
0.0211649
0.0211602
0.0211556
0.021151
0.0211464
0.0211418
0.0211373
0.0211328
0.0211283
0.0211239
0.0211194
0.021115
0.0211107
0.0211063
0.021102
0.0210977
0.0210935
0.0210892
0.021085
0.0210808
0.0210766
0.0210725
0.0210684
0.0210642
0.0210602
0.0210561
0.0210521
0.021048
0.021044
0.0210401
0.0210361
0.0210322
0.0210283
0.0210244
0.0210205
0.0210166
0.0210128
0.021009
0.0210052
0.0210014
0.0209976
0.0209938
0.0209901
0.0209864
0.0209827
0.020979
0.0209754
0.0209717
0.0209681
0.0209645
0.0209609
0.0209573
0.0209537
0.0209502
0.0209466
0.0209431
0.0209396
0.0209361
0.0209326
0.0209292
0.0209257
0.0209223
0.0209189
0.0209155
0.0209121
0.0209087
0.0209054
0.020902
0.0208987
0.0208954
0.020892
0.0208887
0.0208855
0.0208822
0.0208789
0.0208757
0.0208725
0.0208692
0.020866
0.0208628
0.0208596
0.0208565
0.0208533
0.0208501
0.020847
0.0208439
0.0208408
0.0208377
0.0208346
0.0208315
0.0208284
0.0208254
0.0208223
0.0208193
0.0208162
0.0208132
0.0208102
0.0208072
0.0208042
0.0208012
0.0207983
0.0207953
0.0207924
0.0207894
0.0207865
0.0207836
0.0207807
0.0207778
0.0207749
0.020772
0.0207692
0.0207663
0.0207635
0.0207606
0.0207578
0.020755
0.0207522
0.0207494
0.0207466
0.0207438
0.020741
0.0207382
0.0207355
0.0207327
0.02073
0.0207273
0.0207246
0.0207218
0.0207191
0.0207164
0.0207138
0.0207111
0.0207084
0.0207058
0.0207031
0.0207005
0.0206978
0.0206952
0.0206926
0.02069
0.0206874
0.0206848
0.0206822
0.0206796
0.0206771
0.0206745
0.020672
0.0206694
0.0206669
0.0206644
0.0206618
0.0206593
0.0206568
0.0206543
0.0206518
0.0206494
0.0206469
0.0206444
0.020642
0.0206395
0.0206371
0.0206347
0.0206322
0.0206298
0.0206274
0.020625
0.0206226
0.0206202
0.0206178
0.0206155
0.0206131
0.0206107
0.0206084
0.0206061
0.0206037
0.0206014
0.0205991
0.0205968
0.0205944
0.0205921
0.0205899
0.0205876
0.0205853
0.020583
0.0205808
0.0205785
0.0205762
0.020574
0.0205718
0.0205695
0.0205673
0.0205651
0.0205629
0.0205607
0.0205585
0.0205563
0.0205541
0.0205519
0.0205497
0.0205476
0.0205454
0.0205433
0.0205411
0.020539
0.0205368
0.0205347
0.0205326
0.0205305
0.0205284
0.0205263
0.0205242
0.0205221
0.02052
0.0205179
0.0205158
0.0205138
0.0205117
0.0205096
0.0205076
0.0205055
0.0205035
0.0205015
0.0204994
0.0204974
0.0204954
0.0204934
0.0204914
0.0204894
0.0204874
0.0204854
0.0204834
0.0204815
0.0204795
0.0204775
0.0204756
0.0204736
0.0204716
0.0204697
0.0204678
0.0204658
0.0204639
0.020462
0.0204601
0.0204581
0.0204562
0.0204543
0.0204524
0.0204505
0.0204486
0.0204468
0.0204449
0.020443
0.0204411
0.0204393
0.0204374
0.0204356
0.0204337
0.0204319
0.02043
0.0204282
0.0204264
0.0204245
0.0204227
0.0204209
0.0204191
0.0204173
0.0204155
0.0204137
0.0204119
0.0204101
0.0204083
0.0204065
0.0204047
0.020403
0.0204012
0.0203994
0.0203977
0.0203959
0.0203942
0.0203924
0.0203907
0.020389
0.0203872
0.0203855
0.0203838
0.020382
0.0203803
0.0203786
0.0203769
0.0203752
0.0203735
0.0203718
0.0203701
0.0203684
0.0203667
0.0203651
0.0203634
0.0203617
0.02036
0.0203584
0.0203567
0.0203551
0.0203534
0.0203518
0.0203501
0.0203485
0.0203468
0.0203452
0.0203436
0.0203419
0.0203403
0.0203387
0.0203371
0.0203355
0.0203339
0.0203323
0.0203307
0.0203291
0.0203275
0.0203259
0.0203243
0.0203227
0.0203211
0.0203195
0.020318
0.0203164
0.0203148
0.0203133
0.0203117
0.0203101
0.0203086
0.020307
0.0203055
0.0203039
0.0203024
0.0203009
0.0202993
0.0202978
0.0202963
0.0202947
0.0202932
0.0202917
0.0202902
0.0202887
0.0202872
0.0202857
0.0202842
0.0202826
0.0202812
0.0202797
0.0202782
0.0202767
0.0202752
0.0202737
0.0202722
0.0202707
0.0202693
0.0202678
0.0202663
0.0202648
0.0202634
0.0202619
0.0202605
0.020259
0.0202575
0.0202561
0.0202546
0.0202532
0.0202517
0.0202503
0.0202489
0.0202474
0.020246
0.0202445
0.0202431
0.0202417
0.0202403
0.0202388
0.0202374
0.020236
0.0202346
0.0202332
0.0202317
0.0202303
0.0202289
0.0202275
0.0202261
0.0202247
0.0202233
0.0202219
0.0202205
0.0202191
0.0202177
0.0202163
0.0202149
0.0202135
0.0202121
0.0202107
0.0202094
0.020208
0.0202066
0.0202052
0.0202038
0.0202024
0.0202011
0.0201997
0.0201983
0.0201969
0.0201956
0.0201942
0.0201928
0.0201914
0.0201901
0.0201887
0.0201873
0.020186
0.0201846
0.0201832
0.0201819
0.0201805
0.0201792
0.0201778
0.0201764
0.0201751
0.0201737
0.0201724
0.020171
0.0201696
0.0201683
0.0201669
0.0201656
0.0201642
0.0201628
0.0201615
0.0201601
0.0201588
0.0201574
0.020156
0.0201547
0.0201533
0.020152
0.0201506
0.0201492
0.0201479
0.0201465
0.0201451
0.0201438
0.0201424
0.020141
0.0201397
0.0201383
0.0201369
0.0201356
0.0201342
0.0201328
0.0201314
0.0201301
0.0201287
0.0201273
0.0201259
0.0201245
0.0201231
0.0201217
0.0201203
0.0201189
0.0201175
0.0201161
0.0201147
0.0201133
0.0201119
0.0201105
0.0201091
0.0201077
0.0201063
0.0201048
0.0201034
0.020102
0.0201005
0.0200991
0.0200976
0.0200962
0.0200947
0.0200933
0.0200918
0.0200904
0.0200889
0.0200874
0.0200859
0.0200844
0.0200829
0.0200814
0.0200799
0.0200784
0.0200769
0.0200754
0.0200739
0.0200723
0.0200708
0.0200692
0.0200677
0.0200661
0.0200645
0.0200629
0.0200614
0.0200598
0.0200582
0.0200566
0.0200549
0.0200533
0.0200517
0.02005
0.0200484
0.0200467
0.020045
0.0200433
0.0200416
0.0200399
0.0200382
0.0200365
0.0200348
0.020033
0.0200312
0.0200295
0.0200277
0.0200259
0.0200241
0.0200223
0.0200204
0.0200186
0.0200167
0.0200149
0.020013
0.0200111
0.0200092
0.0200072
0.0200053
0.0200033
0.0200014
0.0199994
0.0199974
0.0199954
0.0199933
0.0199913
0.0199892
0.0199872
0.0199851
0.019983
0.0199808
0.0199787
0.0199765
0.0199744
0.0199722
0.01997
0.0199677
0.0199655
0.0199632
0.0199609
0.0199586
0.0199563
0.019954
0.0199516
0.0199493
0.0199469
0.0199445
0.0199421
0.0199396
0.0199372
0.0199347
0.0199322
0.0199297
0.0199272
0.0199247
0.0199221
0.0199196
0.019917
0.0199144
0.0199118
0.0199092
0.0199065
0.0199039
0.0199012
0.0198985
0.0198958
0.0198931
0.0198904
0.0198877
0.0198849
0.0198822
0.0198794
0.0198767
0.0198739
0.0198711
0.0198683
0.0198655
0.0198627
0.0198599
0.0198571
0.0198543
0.0198515
0.0198486
0.0198458
0.019843
0.0198402
0.0198374
0.0198345
0.0198317
0.0198289
0.0198261
0.0198233
0.0198205
0.0198177
0.0198149
0.0198121
0.0198093
0.0198065
0.0198038
0.019801
0.0197983
0.0197955
0.0197928
0.0197901
0.0197874
0.0197847
0.019782
0.0197794
0.0197767
0.0197741
0.0197715
0.0197689
0.0197663
0.0197637
0.0197611
0.0197586
0.0197561
0.0197536
0.0197511
0.0197486
0.0197462
0.0197437
0.0197413
0.0197389
0.0197365
0.0197342
0.0197318
0.0197295
0.0197272
0.0197249
0.0197227
0.0197204
0.0197182
0.019716
0.0197138
0.0197116
0.0197095
0.0197073
0.0197052
0.0197031
0.019701
0.019699
0.0196969
0.0196949
0.0196929
0.0196909
0.019689
0.019687
0.0196851
0.0196832
0.0196813
0.0196794
0.0196775
0.0196757
0.0196738
0.019672
0.0196702
0.0196684
0.0196667
0.0196649
0.0196632
0.0196615
0.0196598
0.0196581
0.0196564
0.0196548
0.0196531
0.0196515
0.0196499
0.0196483
0.0196467
0.0196451
0.0196436
0.019642
0.0196405
0.019639
0.0196375
0.019636
0.0196345
0.0196331
0.0196316
0.0196302
0.0196288
0.0196273
0.0196259
0.0196246
0.0196232
0.0196218
0.0196205
0.0196191
0.0196178
0.0196165
0.0196152
0.0196139
0.0196126
0.0196113
0.0196101
0.0196088
0.0196076
0.0196064
0.0196051
0.0196039
0.0196027
0.0196016
0.0196004
0.0195992
0.0195981
0.0195969
0.0195958
0.0195946
0.0195935
0.0195924
0.0195913
0.0195902
0.0195891
0.0195881
0.019587
0.019586
0.0195849
0.0195839
0.0195829
0.0195818
0.0195808
0.0195798
0.0195788
0.0195779
0.0195769
0.0195759
0.019575
0.019574
0.0195731
0.0195721
0.0195712
0.0195703
0.0195694
0.0195685
0.0195676
0.0195667
0.0195658
0.019565
0.0195641
0.0195632
0.0195624
0.0195615
0.0195607
0.0195599
0.0195591
0.0195583
0.0195575
0.0195567
0.0195559
0.0195551
0.0195543
0.0195536
0.0195528
0.019552
0.0195513
0.0195506
0.0195498
0.0195491
0.0195484
0.0195477
0.019547
0.0195463
0.0195456
0.0195449
0.0195442
0.0195435
0.0195429
0.0195422
0.0195416
0.0195409
0.0195403
0.0195396
0.019539
0.0195384
0.0195378
0.0195372
0.0195366
0.019536
0.0195354
0.0195348
0.0195342
0.0195336
0.0195331
0.0195325
0.0195319
0.0195314
0.0195308
0.0195303
0.0195298
0.0195292
0.0195287
0.0195282
0.0195277
0.0195272
0.0195267
0.0195262
0.0195257
0.0195252
0.0195247
0.0195243
0.0195238
0.0195233
0.0195229
0.0195224
0.019522
0.0195215
0.0195211
0.0195207
0.0195202
0.0195198
0.0195194
0.019519
0.0195186
0.0195182
0.0195178
0.0195174
0.019517
0.0195166
0.0195162
0.0195159
0.0195155
0.0195151
0.0195148
0.0195144
0.0195141
0.0195137
0.0195134
0.0195131
0.0195127
0.0195124
0.0195121
0.0195117
0.0195114
0.0195111
0.0195108
0.0195105
0.0195102
0.0195099
0.0195096
0.0195093
0.0195091
0.0195088
0.0195085
0.0195082
0.019508
0.0195077
0.0195075
0.0195072
0.019507
0.0195067
0.0195065
0.0195062
0.019506
0.0195058
0.0195055
0.0195053
0.0195051
0.0195049
0.0195047
0.0195045
0.0195043
0.0195041
0.0195039
0.0195037
0.0195035
0.0195033
0.0195031
0.0195029
0.0195027
0.0195026
0.0195024
0.0195022
0.0195021
0.0195019
0.0195018
0.0195016
0.0195014
0.0195013
0.0195012
0.019501
0.0195009
0.0195007
0.0195006
0.0195005
0.0195004
0.0195002
0.0195001
0.0195
0.0194999
0.0194998
0.0194997
0.0194996
0.0194995
0.0194994
0.0194993
0.0194992
0.0194991
0.019499
0.0194989
0.0194988
0.0194988
0.0194987
0.0194986
0.0194985
0.0194985
0.0194984
0.0194983
0.0194983
0.0194982
0.0194982
0.0194981
0.0194981
0.019498
0.019498
0.0194979
0.0194979
0.0194978
0.0194978
0.0194978
0.0194977
0.0194977
0.0194977
0.0194977
0.0194976
0.0194976
0.0194976
0.0194976
0.0194976
0.0194976
0.0194976
0.0194975
0.0194975
0.0194975
0.0194975
0.0194975
0.0194976
0.0194976
0.0194976
0.0194976
0.0194976
0.0194976
0.0194976
0.0194976
0.0194977
0.0194977
0.0194977
0.0194977
0.0194978
0.0194978
0.0194978
0.0194979
0.0194979
0.0194979
0.019498
0.019498
0.0194981
0.0194981
0.0194982
0.0194982
0.0194983
0.0194983
0.0194984
0.0194984
0.0194985
0.0194985
0.0194986
0.0194986
0.0194987
0.0194988
0.0194988
0.0194989
0.019499
0.0194991
0.0194991
0.0194992
0.0194993
0.0194994
0.0194994
0.0194995
0.0194996
0.0194997
0.0194998
0.0194999
0.0194999
0.0195
0.0195001
0.0195002
0.0195003
0.0195004
0.0195005
0.0195006
0.0195007
0.0195008
0.0195009
0.019501
0.0195011
0.0195012
0.0195013
0.0195014
0.0195015
0.0195016
0.0195017
0.0195019
0.019502
0.0195021
0.0195022
0.0195023
0.0195024
0.0195026
0.0195027
0.0195028
0.0195029
0.019503
0.0195032
0.0195033
0.0195034
0.0195035
0.0195037
0.0195038
0.0195039
0.0195041
0.0195042
0.0195043
0.0195045
0.0195046
0.0195047
0.0195049
0.019505
0.0195051
0.0195053
0.0195054
0.0195056
0.0195057
0.0195059
0.019506
0.0195061
0.0195063
0.0195064
0.0195066
0.0195067
0.0195069
0.019507
0.0195072
0.0195073
0.0195075
0.0195076
0.0195078
0.0195079
0.0195081
0.0195083
0.0195084
0.0195086
0.0195087
0.0195089
0.019509
0.0195092
0.0195094
0.0195095
0.0195097
0.0195099
0.01951
0.0195102
0.0195103
0.0195105
0.0195107
0.0195108
0.019511
0.0195112
0.0195113
0.0195115
0.0195117
0.0195118
0.019512
0.0195122
0.0195124
0.0195125
0.0195127
0.0195129
0.019513
0.0195132
0.0195134
0.0195136
0.0195137
0.0195139
0.0195141
0.0195143
0.0195144
0.0195146
0.0195148
0.019515
0.0195151
0.0195153
0.0195155
0.0195157
0.0195159
0.019516
0.0195162
0.0195164
0.0195166
0.0195168
0.0195169
0.0195171
0.0195173
0.0195175
0.0195177
0.0195178
0.019518
0.0195182
0.0195184
0.0195186
0.0195188
0.0195189
0.0195191
0.0195193
0.0195195
0.0195197
0.0195199
0.0195201
0.0195202
0.0195204
0.0195206
0.0195208
0.019521
0.0195212
0.0195214
0.0195215
0.0195217
0.0195219
0.0195221
0.0195223
0.0195225
0.0195227
0.0195228
0.019523
0.0195232
0.0195234
0.0195236
0.0195238
0.019524
0.0195242
0.0195243
0.0195245
0.0195247
0.0195249
0.0195251
0.0195253
0.0195255
0.0195257
0.0195259
0.019526
0.0195262
0.0195264
0.0195266
0.0195268
0.019527
0.0195272
0.0195274
0.0195275
0.0195277
0.0195279
0.0195281
0.0195283
0.0195285
0.0195287
0.0195289
0.0195291
0.0195292
0.0195294
0.0195296
0.0195298
0.01953
0.0195302
0.0195304
0.0195306
0.0195307
0.0195309
0.0195311
0.0195313
0.0195315
0.0195317
0.0195319
0.0195321
0.0195322
0.0195324
0.0195326
0.0195328
0.019533
0.0195332
0.0195334
0.0195335
0.0195337
0.0195339
0.0195341
0.0195343
0.0195345
0.0195346
0.0195348
0.019535
0.0195352
0.0195354
0.0195356
0.0195357
0.0195359
0.0195361
0.0195363
0.0195365
0.0195367
0.0195368
0.019537
0.0195372
0.0195374
0.0195376
0.0195377
0.0195379
0.0195381
0.0195383
0.0195385
0.0195386
0.0195388
0.019539
0.0195392
0.0195394
0.0195395
0.0195397
0.0195399
0.0195401
0.0195402
0.0195404
0.0195406
0.0195408
0.019541
0.0195411
0.0195413
0.0195415
0.0195417
0.0195418
0.019542
0.0195422
0.0195423
0.0195425
0.0195427
0.0195429
0.019543
0.0195432
0.0195434
0.0195435
0.0195437
0.0195439
0.0195441
0.0195442
0.0195444
0.0195446
0.0195447
0.0195449
0.0195451
0.0195452
0.0195454
0.0195456
0.0195457
0.0195459
0.0195461
0.0195462
0.0195464
0.0195466
0.0195467
0.0195469
0.019547
0.0195472
0.0195474
0.0195475
0.0195477
0.0195479
0.019548
0.0195482
0.0195483
0.0195485
0.0195487
0.0195488
0.019549
0.0195491
0.0195493
0.0195494
0.0195496
0.0195497
0.0195499
0.0195501
0.0195502
0.0195504
0.0195505
0.0195507
0.0195508
0.019551
0.0195511
0.0195513
0.0195514
0.0195516
0.0195517
0.0195519
0.019552
0.0195522
0.0195523
0.0195525
0.0195526
0.0195528
0.0195529
0.0195531
0.0195532
0.0195533
0.0195535
0.0195536
0.0195538
0.0195539
0.0195541
0.0195542
0.0195543
0.0195545
0.0195546
0.0195548
0.0195549
0.019555
0.0195552
0.0195553
0.0195555
0.0195556
0.0195557
0.0195559
0.019556
0.0195561
0.0195563
0.0195564
0.0195565
0.0195567
0.0195568
0.0195569
0.0195571
0.0195572
0.0195573
0.0195574
0.0195576
0.0195577
0.0195578
0.019558
0.0195581
0.0195582
0.0195583
0.0195585
0.0195586
0.0195587
0.0195588
0.019559
0.0195591
0.0195592
0.0195593
0.0195594
0.0195596
0.0195597
0.0195598
0.0195599
0.01956
0.0195601
0.0195603
0.0195604
0.0195605
0.0195606
0.0195607
0.0195608
0.019561
0.0195611
0.0195612
0.0195613
0.0195614
0.0195615
0.0195616
0.0195617
0.0195618
0.0195619
0.0195621
0.0195622
0.0195623
0.0195624
0.0195625
0.0195626
0.0195627
0.0195628
0.0195629
0.019563
0.0195631
0.0195632
0.0195633
0.0195634
0.0195635
0.0195636
0.0195637
0.0195638
0.0195639
0.019564
0.0195641
0.0195642
0.0195643
0.0195644
0.0195645
0.0195645
0.0195646
0.0195647
0.0195648
0.0195649
0.019565
0.0195651
0.0195652
0.0195653
0.0195654
0.0195654
0.0195655
0.0195656
0.0195657
0.0195658
0.0195659
0.019566
0.019566
0.0195661
0.0195662
0.0195663
0.0195664
0.0195664
0.0195665
0.0195666
0.0195667
0.0195668
0.0195668
0.0195669
0.019567
0.0195671
0.0195671
0.0195672
0.0195673
0.0195673
0.0195674
0.0195675
0.0195676
0.0195676
0.0195677
0.0195678
0.0195678
0.0195679
0.019568
0.019568
0.0195681
0.0195682
0.0195682
0.0195683
0.0195684
0.0195684
0.0195685
0.0195685
0.0195686
0.0195687
0.0195687
0.0195688
0.0195688
0.0195689
0.019569
0.019569
0.0195691
0.0195691
0.0195692
0.0195692
0.0195693
0.0195693
0.0195694
0.0195694
0.0195695
0.0195695
0.0195696
0.0195696
0.0195697
0.0195697
0.0195698
0.0195698
0.0195699
0.0195699
0.01957
0.01957
0.01957
0.0195701
0.0195701
0.0195702
0.0195702
0.0195703
0.0195703
0.0195703
0.0195704
0.0195704
0.0195704
0.0195705
0.0195705
0.0195706
0.0195706
0.0195706
0.0195707
0.0195707
0.0195707
0.0195707
0.0195708
0.0195708
0.0195708
0.0195709
0.0195709
0.0195709
0.0195709
0.019571
0.019571
0.019571
0.0195711
0.0195711
0.0195711
0.0195711
0.0195711
0.0195712
0.0195712
0.0195712
0.0195712
0.0195712
0.0195713
0.0195713
0.0195713
0.0195713
0.0195713
0.0195713
0.0195714
0.0195714
0.0195714
0.0195714
0.0195714
0.0195714
0.0195714
0.0195714
0.0195714
0.0195715
0.0195715
0.0195715
0.0195715
0.0195715
0.0195715
0.0195715
0.0195715
0.0195715
0.0195715
0.0195715
0.0195715
0.0195715
0.0195715
0.0195715
0.0195715
0.0195715
0.0195715
0.0195715
0.0195715
0.0195715
0.0195715
0.0195715
0.0195715
0.0195715
0.0195715
0.0195715
0.0195715
0.0195715
0.0195714
0.0195714
0.0195714
0.0195714
0.0195714
0.0195714
0.0195714
0.0195714
0.0195713
0.0195713
0.0195713
0.0195713
0.0195713
0.0195713
0.0195712
0.0195712
0.0195712
0.0195712
0.0195712
0.0195712
0.0195711
0.0195711
0.0195711
0.0195711
0.019571
0.019571
0.019571
0.019571
0.0195709
0.0195709
0.0195709
0.0195709
0.0195708
0.0195708
0.0195708
0.0195707
0.0195707
0.0195707
0.0195706
0.0195706
0.0195706
0.0195705
0.0195705
0.0195705
0.0195704
0.0195704
0.0195704
0.0195703
0.0195703
0.0195702
0.0195702
0.0195702
0.0195701
0.0195701
0.01957
0.01957
0.01957
0.0195699
0.0195699
0.0195698
0.0195698
0.0195697
0.0195697
0.0195696
0.0195696
0.0195695
0.0195695
0.0195694
0.0195694
0.0195693
0.0195693
0.0195692
0.0195692
0.0195691
0.0195691
0.019569
0.019569
0.0195689
0.0195688
0.0195688
0.0195687
0.0195687
0.0195686
0.0195686
0.0195685
0.0195684
0.0195684
0.0195683
0.0195682
0.0195682
0.0195681
0.0195681
0.019568
0.0195679
0.0195679
0.0195678
0.0195677
0.0195677
0.0195676
0.0195675
0.0195675
0.0195674
0.0195673
0.0195672
0.0195672
0.0195671
0.019567
0.019567
0.0195669
0.0195668
0.0195667
0.0195667
0.0195666
0.0195665
0.0195664
0.0195663
0.0195663
0.0195662
0.0195661
0.019566
0.0195659
0.0195659
0.0195658
0.0195657
0.0195656
0.0195655
0.0195654
0.0195654
0.0195653
0.0195652
0.0195651
0.019565
0.0195649
0.0195648
0.0195648
0.0195647
0.0195646
0.0195645
0.0195644
0.0195643
0.0195642
0.0195641
0.019564
0.0195639
0.0195638
0.0195637
0.0195636
0.0195635
0.0195634
0.0195633
0.0195632
0.0195632
0.0195631
0.019563
0.0195629
0.0195627
0.0195626
0.0195625
0.0195624
0.0195623
0.0195622
0.0195621
0.019562
0.0195619
0.0195618
0.0195617
0.0195616
0.0195615
0.0195614
0.0195613
0.0195612
0.0195611
0.0195609
0.0195608
0.0195607
0.0195606
0.0195605
0.0195604
0.0195603
0.0195602
0.01956
0.0195599
0.0195598
0.0195597
0.0195596
0.0195595
0.0195593
0.0195592
0.0195591
0.019559
0.0195589
0.0195587
0.0195586
0.0195585
0.0195584
0.0195583
0.0195581
0.019558
0.0195579
0.0195578
0.0195576
0.0195575
0.0195574
0.0195572
0.0195571
0.019557
0.0195569
0.0195567
0.0195566
0.0195565
0.0195563
0.0195562
0.0195561
0.0195559
0.0195558
0.0195557
0.0195555
0.0195554
0.0195553
0.0195551
0.019555
0.0195549
0.0195547
0.0195546
0.0195544
0.0195543
0.0195542
0.019554
0.0195539
0.0195537
0.0195536
0.0195535
0.0195533
0.0195532
0.019553
0.0195529
0.0195527
0.0195526
0.0195524
0.0195523
0.0195522
0.019552
0.0195519
0.0195517
0.0195516
0.0195514
0.0195513
0.0195511
0.019551
0.0195508
0.0195506
0.0195505
0.0195503
0.0195502
0.01955
0.0195499
0.0195497
0.0195496
0.0195494
0.0195493
0.0195491
0.0195489
0.0195488
0.0195486
0.0195485
0.0195483
0.0195481
0.019548
0.0195478
0.0195476
0.0195475
0.0195473
0.0195472
0.019547
0.0195468
0.0195467
0.0195465
0.0195463
0.0195462
0.019546
0.0195458
0.0195457
0.0195455
0.0195453
0.0195451
0.019545
0.0195448
0.0195446
0.0195445
0.0195443
0.0195441
0.0195439
0.0195438
0.0195436
0.0195434
0.0195432
0.0195431
0.0195429
0.0195427
0.0195425
0.0195423
0.0195422
0.019542
0.0195418
0.0195416
0.0195414
0.0195413
0.0195411
0.0195409
0.0195407
0.0195405
0.0195403
0.0195402
0.01954
0.0195398
0.0195396
0.0195394
0.0195392
0.019539
0.0195388
0.0195387
0.0195385
0.0195383
0.0195381
0.0195379
0.0195377
0.0195375
0.0195373
0.0195371
0.0195369
0.0195367
0.0195365
0.0195363
0.0195362
0.019536
0.0195358
0.0195356
0.0195354
0.0195352
0.019535
0.0195348
0.0195346
0.0195344
0.0195342
0.019534
0.0195338
0.0195336
0.0195334
0.0195332
0.0195329
0.0195327
0.0195325
0.0195323
0.0195321
0.0195319
0.0195317
0.0195315
0.0195313
0.0195311
0.0195309
0.0195307
0.0195305
0.0195302
0.01953
0.0195298
0.0195296
0.0195294
0.0195292
0.019529
0.0195288
0.0195285
0.0195283
0.0195281
0.0195279
0.0195277
0.0195275
0.0195272
0.019527
0.0195268
0.0195266
0.0195264
0.0195261
0.0195259
0.0195257
0.0195255
0.0195253
0.019525
0.0195248
0.0195246
0.0195244
0.0195241
0.0195239
0.0195237
0.0195235
0.0195232
0.019523
0.0195228
0.0195226
0.0195223
0.0195221
0.0195219
0.0195216
0.0195214
0.0195212
0.0195209
0.0195207
0.0195205
0.0195202
0.01952
0.0195198
0.0195195
0.0195193
0.0195191
0.0195188
0.0195186
0.0195184
0.0195181
0.0195179
0.0195176
0.0195174
0.0195172
0.0195169
0.0195167
0.0195164
0.0195162
0.0195159
0.0195157
0.0195155
0.0195152
0.019515
0.0195147
0.0195145
0.0195142
0.019514
0.0195137
0.0195135
0.0195132
0.019513
0.0195127
0.0195125
0.0195122
0.019512
0.0195117
0.0195115
0.0195112
0.019511
0.0195107
0.0195105
0.0195102
0.01951
0.0195097
0.0195094
0.0195092
0.0195089
0.0195087
0.0195084
0.0195082
0.0195079
0.0195076
0.0195074
0.0195071
0.0195068
0.0195066
0.0195063
0.0195061
0.0195058
0.0195055
0.0195053
0.019505
0.0195047
0.0195045
0.0195042
0.0195039
0.0195037
0.0195034
0.0195031
0.0195029
0.0195026
0.0195023
0.019502
0.0195018
0.0195015
0.0195012
0.019501
0.0195007
0.0195004
0.0195001
0.0194999
0.0194996
0.0194993
0.019499
0.0194987
0.0194985
0.0194982
0.0194979
0.0194976
0.0194973
0.0194971
0.0194968
0.0194965
0.0194962
0.0194959
0.0194957
0.0194954
0.0194951
0.0194948
0.0194945
0.0194942
0.0194939
0.0194936
0.0194934
0.0194931
0.0194928
0.0194925
0.0194922
0.0194919
0.0194916
0.0194913
0.019491
0.0194907
0.0194904
0.0194902
0.0194899
0.0194896
0.0194893
0.019489
0.0194887
0.0194884
0.0194881
0.0194878
0.0194875
0.0194872
0.0194869
0.0194866
0.0194863
0.019486
0.0194857
0.0194854
0.0194851
0.0194848
0.0194844
0.0194841
0.0194838
0.0194835
0.0194832
0.0194829
0.0194826
0.0194823
0.019482
0.0194817
0.0194814
0.0194811
0.0194807
0.0194804
0.0194801
0.0194798
0.0194795
0.0194792
0.0194789
0.0194785
0.0194782
0.0194779
0.0194776
0.0194773
0.0194769
0.0194766
0.0194763
0.019476
0.0194757
0.0194753
0.019475
0.0194747
0.0194744
0.019474
0.0194737
0.0194734
0.0194731
0.0194727
0.0194724
0.0194721
0.0194717
0.0194714
0.0194711
0.0194708
0.0194704
0.0194701
0.0194698
0.0194694
0.0194691
0.0194688
0.0194684
0.0194681
0.0194677
0.0194674
0.0194671
0.0194667
0.0194664
0.0194661
0.0194657
0.0194654
0.019465
0.0194647
0.0194643
0.019464
0.0194637
0.0194633
0.019463
0.0194626
0.0194623
0.0194619
0.0194616
0.0194612
0.0194609
0.0194605
0.0194602
0.0194598
0.0194595
0.0194591
0.0194588
0.0194584
0.019458
0.0194577
0.0194573
0.019457
0.0194566
0.0194563
0.0194559
0.0194555
0.0194552
0.0194548
0.0194545
0.0194541
0.0194537
0.0194534
0.019453
0.0194526
0.0194523
0.0194519
0.0194515
0.0194512
0.0194508
0.0194504
0.0194501
0.0194497
0.0194493
0.0194489
0.0194486
0.0194482
0.0194478
0.0194474
0.0194471
0.0194467
0.0194463
0.0194459
0.0194456
0.0194452
0.0194448
0.0194444
0.019444
0.0194436
0.0194433
0.0194429
0.0194425
0.0194421
0.0194417
0.0194413
0.0194409
0.0194406
0.0194402
0.0194398
0.0194394
0.019439
0.0194386
0.0194382
0.0194378
0.0194374
0.019437
0.0194366
0.0194362
0.0194358
0.0194354
0.019435
0.0194346
0.0194342
0.0194338
0.0194334
0.019433
0.0194326
0.0194322
0.0194318
0.0194314
0.019431
0.0194306
0.0194302
0.0194298
0.0194293
0.0194289
0.0194285
0.0194281
0.0194277
0.0194273
0.0194269
0.0194264
0.019426
0.0194256
0.0194252
0.0194248
0.0194243
0.0194239
0.0194235
0.0194231
0.0194226
0.0194222
0.0194218
0.0194214
0.0194209
0.0194205
0.0194201
0.0194196
0.0194192
0.0194188
0.0194183
0.0194179
0.0194175
0.019417
0.0194166
0.0194162
0.0194157
0.0194153
0.0194148
0.0194144
0.019414
0.0194135
0.0194131
0.0194126
0.0194122
0.0194117
0.0194113
0.0194108
0.0194104
0.0194099
0.0194095
0.019409
0.0194086
0.0194081
0.0194077
0.0194072
0.0194067
0.0194063
0.0194058
0.0194054
0.0194049
0.0194044
0.019404
0.0194035
0.019403
0.0194026
0.0194021
0.0194016
0.0194012
0.0194007
0.0194002
0.0193997
0.0193993
0.0193988
0.0193983
0.0193978
0.0193974
0.0193969
0.0193964
0.0193959
0.0193954
0.0193949
0.0193945
0.019394
0.0193935
0.019393
0.0193925
0.019392
0.0193915
0.019391
0.0193905
0.01939
0.0193895
0.019389
0.0193885
0.019388
0.0193875
0.019387
0.0193865
0.019386
0.0193855
0.019385
0.0193845
0.019384
0.0193835
0.019383
0.0193825
0.019382
0.0193814
0.0193809
0.0193804
0.0193799
0.0193794
0.0193789
0.0193783
0.0193778
0.0193773
0.0193768
0.0193762
0.0193757
0.0193752
0.0193746
0.0193741
0.0193736
0.019373
0.0193725
0.019372
0.0193714
0.0193709
0.0193703
0.0193698
0.0193693
0.0193687
0.0193682
0.0193676
0.0193671
0.0193665
0.019366
0.0193654
0.0193649
0.0193643
0.0193637
0.0193632
0.0193626
0.0193621
0.0193615
0.0193609
0.0193604
0.0193598
0.0193592
0.0193587
0.0193581
0.0193575
0.019357
0.0193564
0.0193558
0.0193552
0.0193546
0.0193541
0.0193535
0.0193529
0.0193523
0.0193517
0.0193511
0.0193505
0.0193499
0.0193494
0.0193488
0.0193482
0.0193476
0.019347
0.0193464
0.0193458
0.0193452
0.0193446
0.0193439
0.0193433
0.0193427
0.0193421
0.0193415
0.0193409
0.0193403
0.0193397
0.019339
0.0193384
0.0193378
0.0193372
0.0193365
0.0193359
0.0193353
0.0193346
0.019334
0.0193334
0.0193327
0.0193321
0.0193315
0.0193308
0.0193302
0.0193295
0.0193289
0.0193282
0.0193276
0.0193269
0.0193263
0.0193256
0.019325
0.0193243
0.0193236
0.019323
0.0193223
0.0193216
0.019321
0.0193203
0.0193196
0.019319
0.0193183
0.0193176
0.0193169
0.0193162
0.0193156
0.0193149
0.0193142
0.0193135
0.0193128
0.0193121
0.0193114
0.0193107
0.01931
0.0193093
0.0193086
0.0193079
0.0193072
0.0193065
0.0193058
0.0193051
0.0193044
0.0193036
0.0193029
0.0193022
0.0193015
0.0193007
0.0193
0.0192993
0.0192986
0.0192978
0.0192971
0.0192963
0.0192956
0.0192949
0.0192941
0.0192934
0.0192926
0.0192919
0.0192911
0.0192904
0.0192896
0.0192888
0.0192881
0.0192873
0.0192865
0.0192858
0.019285
0.0192842
0.0192834
0.0192827
0.0192819
0.0192811
0.0192803
0.0192795
0.0192787
0.0192779
0.0192771
0.0192764
0.0192756
0.0192747
0.0192739
0.0192731
0.0192723
0.0192715
0.0192707
0.0192699
0.0192691
0.0192682
0.0192674
0.0192666
0.0192657
0.0192649
0.0192641
0.0192632
0.0192624
0.0192616
0.0192607
0.0192599
0.019259
0.0192582
0.0192573
0.0192564
0.0192556
0.0192547
0.0192538
0.019253
0.0192521
0.0192512
0.0192503
0.0192495
0.0192486
0.0192477
0.0192468
0.0192459
0.019245
0.0192441
0.0192432
0.0192423
0.0192414
0.0192405
0.0192396
0.0192387
0.0192377
0.0192368
0.0192359
0.019235
0.019234
0.0192331
0.0192322
0.0192312
0.0192303
0.0192293
0.0192284
0.0192274
0.0192265
0.0192255
0.0192245
0.0192236
0.0192226
0.0192216
0.0192207
0.0192197
0.0192187
0.0192177
0.0192167
0.0192157
0.0192147
0.0192138
0.0192128
0.0192117
0.0192107
0.0192097
0.0192087
0.0192077
0.0192067
0.0192056
0.0192046
0.0192036
0.0192026
0.0192015
0.0192005
0.0191994
0.0191984
0.0191973
0.0191963
0.0191952
0.0191941
0.0191931
0.019192
0.0191909
0.0191899
0.0191888
0.0191877
0.0191866
0.0191855
0.0191844
0.0191833
0.0191822
0.0191811
0.01918
0.0191789
0.0191778
0.0191766
0.0191755
0.0191744
0.0191732
0.0191721
0.019171
0.0191698
0.0191687
0.0191675
0.0191664
0.0191652
0.019164
0.0191629
0.0191617
0.0191605
0.0191593
0.0191581
0.0191569
0.0191558
0.0191546
0.0191534
0.0191521
0.0191509
0.0191497
0.0191485
0.0191473
0.0191461
0.0191448
0.0191436
0.0191423
0.0191411
0.0191399
0.0191386
0.0191373
0.0191361
0.0191348
0.0191335
0.0191323
0.019131
0.0191297
0.0191284
0.0191271
0.0191258
0.0191245
0.0191232
0.0191219
0.0191206
0.0191193
0.019118
0.0191166
0.0191153
0.019114
0.0191126
0.0191113
0.0191099
0.0191086
0.0191072
0.0191058
0.0191045
0.0191031
0.0191017
0.0191003
0.0190989
0.0190975
0.0190961
0.0190947
0.0190933
0.0190919
0.0190905
0.0190891
0.0190876
0.0190862
0.0190848
0.0190833
0.0190819
0.0190804
0.019079
0.0190775
0.019076
0.0190746
0.0190731
0.0190716
0.0190701
0.0190686
0.0190671
0.0190656
0.0190641
0.0190626
0.0190611
0.0190596
0.0190581
0.0190565
0.019055
0.0190534
0.0190519
0.0190503
0.0190488
0.0190472
0.0190456
0.0190441
0.0190425
0.0190409
0.0190393
0.0190377
0.0190361
0.0190345
0.0190329
0.0190313
0.0190297
0.019028
0.0190264
0.0190248
0.0190231
0.0190215
0.0190198
0.0190182
0.0190165
0.0190148
0.0190132
0.0190115
0.0190098
0.0190081
0.0190064
0.0190047
0.019003
0.0190013
0.0189996
0.0189978
0.0189961
0.0189944
0.0189926
0.0189909
0.0189891
0.0189874
0.0189856
0.0189838
0.0189821
0.0189803
0.0189785
0.0189767
0.0189749
0.0189731
0.0189713
0.0189695
0.0189677
0.0189659
0.018964
0.0189622
0.0189604
0.0189585
0.0189567
0.0189548
0.0189529
0.0189511
0.0189492
0.0189473
0.0189454
0.0189436
0.0189417
0.0189398
0.0189379
0.0189359
0.018934
0.0189321
0.0189302
0.0189282
0.0189263
0.0189244
0.0189224
0.0189204
0.0189185
0.0189165
0.0189145
0.0189126
0.0189106
0.0189086
0.0189066
0.0189046
0.0189026
0.0189006
0.0188986
0.0188965
0.0188945
0.0188925
0.0188904
0.0188884
0.0188863
0.0188843
0.0188822
0.0188802
0.0188781
0.018876
0.0188739
0.0188718
0.0188697
0.0188676
0.0188655
0.0188634
0.0188613
0.0188592
0.0188571
0.0188549
0.0188528
0.0188506
0.0188485
0.0188463
0.0188442
0.018842
0.0188399
0.0188377
0.0188355
0.0188333
0.0188311
0.0188289
0.0188267
0.0188245
0.0188223
0.0188201
0.0188179
0.0188156
0.0188134
0.0188112
0.0188089
0.0188067
0.0188044
0.0188022
0.0187999
0.0187976
0.0187954
0.0187931
0.0187908
0.0187885
0.0187862
0.0187839
0.0187816
0.0187793
0.018777
0.0187747
0.0187723
0.01877
0.0187677
0.0187653
0.018763
0.0187606
0.0187583
0.0187559
0.0187536
0.0187512
0.0187488
0.0187464
0.0187441
0.0187417
0.0187393
0.0187369
0.0187345
0.0187321
0.0187296
0.0187272
0.0187248
0.0187224
0.0187199
0.0187175
0.0187151
0.0187126
0.0187102
0.0187077
0.0187053
0.0187028
0.0187003
0.0186978
0.0186954
0.0186929
0.0186904
0.0186879
0.0186854
0.0186829
0.0186804
0.0186779
0.0186754
0.0186728
0.0186703
0.0186678
0.0186653
0.0186627
0.0186602
0.0186576
0.0186551
0.0186525
0.01865
0.0186474
0.0186448
0.0186422
0.0186397
0.0186371
0.0186345
0.0186319
0.0186293
0.0186267
0.0186241
0.0186215
0.0186189
0.0186163
0.0186136
0.018611
0.0186084
0.0186057
0.0186031
0.0186005
0.0185978
0.0185952
0.0185925
0.0185898
0.0185872
0.0185845
0.0185818
0.0185791
0.0185764
0.0185738
0.0185711
0.0185684
0.0185657
0.018563
0.0185602
0.0185575
0.0185548
0.0185521
0.0185493
0.0185466
0.0185439
0.0185411
0.0185384
0.0185356
0.0185329
0.0185301
0.0185273
0.0185246
0.0185218
0.018519
0.0185162
0.0185134
0.0185107
0.0185079
0.018505
0.0185022
0.0184994
0.0184966
0.0184938
0.018491
0.0184881
0.0184853
0.0184824
0.0184796
0.0184767
0.0184739
0.018471
0.0184682
0.0184653
0.0184624
0.0184595
0.0184566
0.0184538
0.0184509
0.018448
0.018445
0.0184421
0.0184392
0.0184363
0.0184334
0.0184304
0.0184275
0.0184245
0.0184216
0.0184186
0.0184157
0.0184127
0.0184097
0.0184068
0.0184038
0.0184008
0.0183978
0.0183948
0.0183918
0.0183888
0.0183857
0.0183827
0.0183797
0.0183766
0.0183736
0.0183705
0.0183675
0.0183644
0.0183614
0.0183583
0.0183552
0.0183521
0.018349
0.0183459
0.0183428
0.0183397
0.0183366
0.0183334
0.0183303
0.0183271
0.018324
0.0183208
0.0183177
0.0183145
0.0183113
0.0183081
0.0183049
0.0183017
0.0182985
0.0182953
0.0182921
0.0182888
0.0182856
0.0182823
0.0182791
0.0182758
0.0182725
0.0182692
0.0182659
0.0182626
0.0182593
0.018256
0.0182527
0.0182494
0.018246
0.0182427
0.0182393
0.0182359
0.0182325
0.0182291
0.0182257
0.0182223
0.0182189
0.0182155
0.018212
0.0182086
0.0182051
0.0182017
0.0181982
0.0181947
0.0181912
0.0181877
0.0181842
0.0181806
0.0181771
0.0181735
0.01817
0.0181664
0.0181628
0.0181592
0.0181556
0.018152
0.0181484
0.0181447
0.0181411
0.0181374
0.0181337
0.01813
0.0181263
0.0181226
0.0181189
0.0181151
0.0181114
0.0181076
0.0181038
0.0181
0.0180962
0.0180924
0.0180886
0.0180848
0.0180809
0.018077
0.0180731
0.0180692
0.0180653
0.0180614
0.0180575
0.0180535
0.0180495
0.0180456
0.0180416
0.0180376
0.0180335
0.0180295
0.0180254
0.0180214
0.0180173
0.0180132
0.0180091
0.0180049
0.0180008
0.0179966
0.0179924
0.0179883
0.017984
0.0179798
0.0179756
0.0179713
0.0179671
0.0179628
0.0179585
0.0179541
0.0179498
0.0179454
0.0179411
0.0179367
0.0179323
0.0179279
0.0179234
0.017919
0.0179145
0.01791
0.0179055
0.017901
0.0178964
0.0178919
0.0178873
0.0178827
0.0178781
0.0178735
0.0178688
0.0178642
0.0178595
0.0178548
0.0178501
0.0178453
0.0178406
0.0178358
0.017831
0.0178262
0.0178214
0.0178166
0.0178117
0.0178068
0.0178019
0.017797
0.0177921
0.0177871
0.0177822
0.0177772
0.0177722
0.0177672
0.0177621
0.0177571
0.017752
0.0177469
0.0177418
0.0177367
0.0177315
0.0177264
0.0177212
0.017716
0.0177108
0.0177056
0.0177003
0.0176951
0.0176898
0.0176845
0.0176792
0.0176739
0.0176685
0.0176632
0.0176578
0.0176524
0.017647
0.0176416
0.0176362
0.0176307
0.0176252
0.0176198
0.0176143
0.0176088
0.0176032
0.0175977
0.0175921
0.0175866
0.017581
0.0175754
0.0175698
0.0175642
0.0175586
0.0175529
0.0175473
0.0175416
0.0175359
0.0175303
0.0175246
0.0175188
0.0175131
0.0175074
0.0175017
0.0174959
0.0174902
0.0174844
0.0174786
0.0174728
0.0174671
0.0174613
0.0174555
0.0174497
0.0174438
0.017438
0.0174322
0.0174264
0.0174205
0.0174147
0.0174088
0.017403
0.0173971
0.0173913
0.0173854
0.0173796
0.0173737
0.0173678
0.017362
0.0173561
0.0173502
0.0173444
0.0173385
0.0173326
0.0173268
0.0173209
0.017315
0.0173092
0.0173033
0.0172975
0.0172916
0.0172858
0.01728
0.0172741
0.0172683
0.0172625
0.0172567
0.0172508
0.017245
0.0172393
0.0172335
0.0172277
0.0172219
0.0172162
0.0172104
0.0172047
0.0171989
0.0171932
0.0171875
0.0171818
0.0171761
0.0171704
0.0171648
0.0171591
0.0171535
0.0171479
0.0171423
0.0171367
0.0171311
0.0171255
0.01712
0.0171145
0.0171089
0.0171034
0.017098
0.0170925
0.0170871
0.0170816
0.0170762
0.0170708
0.0170654
0.0170601
0.0170547
0.0170494
0.0170441
0.0170388
0.0170336
0.0170283
0.0170231
0.0170179
0.0170128
0.0170076
0.0170025
0.0169974
0.0169923
0.0169872
0.0169822
0.0169771
0.0169721
0.0169672
0.0169622
0.0169573
0.0169524
0.0169475
0.0169426
0.0169378
0.016933
0.0169282
0.0169234
0.0169187
0.016914
0.0169093
0.0169046
0.0168999
0.0168953
0.0168907
0.0168862
0.0168816
0.0168771
0.0168726
0.0168681
0.0168637
0.0168592
0.0168548
0.0168505
0.0168461
0.0168418
0.0168375
0.0168332
0.016829
0.0168247
0.0168205
0.0168164
0.0168122
0.0168081
0.016804
0.0167999
0.0167958
0.0167918
0.0167878
0.0167838
0.0167798
0.0167759
0.016772
0.0167681
0.0167642
0.0167604
0.0167566
0.0167528
0.016749
0.0167453
0.0167415
0.0167378
0.0167341
0.0167305
0.0167268
0.0167232
0.0167196
0.0167161
0.0167125
0.016709
0.0167055
0.016702
0.0166985
0.0166951
0.0166917
0.0166883
0.0166849
0.0166815
0.0166782
0.0166749
0.0166715
0.0166683
0.016665
0.0166618
0.0166585
0.0166553
0.0166521
0.016649
0.0166458
0.0166427
0.0166396
0.0166365
0.0166334
0.0166304
0.0166273
0.0166243
0.0166213
0.0166183
0.0166153
0.0166124
0.0166094
0.0166065
0.0166036
0.0166007
0.0165978
0.0165949
0.0165921
0.0165893
0.0165864
0.0165836
0.0165808
0.0165781
0.0165753
0.0165726
0.0165698
0.0165671
0.0165644
0.0165617
0.016559
0.0165564
0.0165537
0.0165511
0.0165484
0.0165458
0.0165432
0.0165406
0.016538
0.0165355
0.0165329
0.0165304
0.0165278
0.0165253
0.0165228
0.0165203
0.0165178
0.0165153
0.0165128
0.0165104
0.0165079
0.0165055
0.016503
0.0165006
0.0164982
0.0164958
0.0164934
0.016491
0.0164886
0.0164862
0.0164839
0.0164815
0.0164792
0.0164768
0.0164745
0.0164722
0.0164699
0.0164675
0.0164652
0.0164629
0.0164607
0.0164584
0.0164561
0.0164538
0.0164516
0.0164493
0.0164471
0.0164448
0.0164426
0.0164404
0.0164382
0.0164359
0.0164337
0.0164315
0.0164293
0.0164271
0.0164249
0.0164227
0.0164206
0.0164184
0.0164162
0.0164141
0.0164119
0.0164097
0.0164076
0.0164054
0.0164033
0.0164012
0.016399
0.0163969
0.0163948
0.0163926
0.0163905
0.0163884
0.0163863
0.0163842
0.0163821
0.01638
0.0163779
0.0163758
0.0163737
0.0163716
0.0163695
0.0163675
0.0163654
0.0163633
0.0163612
0.0163592
0.0163571
0.016355
0.016353
0.0163509
0.0163489
0.0163468
0.0163447
0.0163427
0.0163407
0.0163386
0.0163366
0.0163345
0.0163325
0.0163304
0.0163284
0.0163264
0.0163243
0.0163223
0.0163203
0.0163183
0.0163162
0.0163142
0.0163122
0.0163102
0.0163082
0.0163061
0.0163041
0.0163021
0.0163001
0.0162981
0.0162961
0.0162941
0.0162921
0.0162901
0.0162881
0.016286
0.016284
0.016282
0.01628
0.016278
0.016276
0.016274
0.0162721
0.0162701
0.0162681
0.0162661
0.0162641
0.0162621
0.0162601
0.0162581
0.0162561
0.0162541
0.0162521
0.0162501
0.0162482
0.0162462
0.0162442
0.0162422
0.0162402
0.0162382
0.0162362
0.0162343
0.0162323
0.0162303
0.0162283
0.0162263
0.0162244
0.0162224
0.0162204
0.0162184
0.0162164
0.0162145
0.0162125
0.0162105
0.0162085
0.0162065
0.0162046
0.0162026
0.0162006
0.0161986
0.0161967
0.0161947
0.0161927
0.0161908
0.0161888
0.0161868
0.0161848
0.0161829
0.0161809
0.0161789
0.0161769
0.016175
0.016173
0.016171
0.0161691
0.0161671
0.0161651
0.0161632
0.0161612
0.0161592
0.0161572
0.0161553
0.0161533
0.0161513
0.0161494
0.0161474
0.0161454
0.0161435
0.0161415
0.0161395
0.0161376
0.0161356
0.0161336
0.0161317
0.0161297
0.0161277
0.0161258
0.0161238
0.0161219
0.0161199
0.0161179
0.016116
0.016114
0.016112
0.0161101
0.0161081
0.0161062
0.0161042
0.0161022
0.0161003
0.0160983
0.0160964
0.0160944
0.0160924
0.0160905
0.0160885
0.0160866
0.0160846
0.0160827
0.0160807
0.0160787
0.0160768
0.0160748
0.0160729
0.0160709
0.016069
0.016067
0.0160651
0.0160631
0.0160612
0.0160592
0.0160573
0.0160553
0.0160534
0.0160514
0.0160495
0.0160475
0.0160456
0.0160436
0.0160417
0.0160397
0.0160378
0.0160358
0.0160339
0.016032
0.01603
0.0160281
0.0160261
0.0160242
0.0160222
0.0160203
0.0160184
0.0160164
0.0160145
0.0160125
0.0160106
0.0160087
0.0160067
0.0160048
0.0160029
0.0160009
0.015999
0.0159971
0.0159951
0.0159932
0.0159913
0.0159894
0.0159874
0.0159855
0.0159836
0.0159816
0.0159797
0.0159778
0.0159759
0.015974
0.015972
0.0159701
0.0159682
0.0159663
0.0159644
0.0159624
0.0159605
0.0159586
0.0159567
0.0159548
0.0159529
0.015951
0.015949
0.0159471
0.0159452
0.0159433
0.0159414
0.0159395
0.0159376
0.0159357
0.0159338
0.0159319
0.01593
0.0159281
0.0159262
0.0159243
0.0159224
0.0159205
0.0159186
0.0159167
0.0159148
0.0159129
0.015911
0.0159092
0.0159073
0.0159054
0.0159035
0.0159016
0.0158997
0.0158978
0.015896
0.0158941
0.0158922
0.0158903
0.0158885
0.0158866
0.0158847
0.0158828
0.015881
0.0158791
0.0158772
0.0158754
0.0158735
0.0158716
0.0158698
0.0158679
0.015866
0.0158642
0.0158623
0.0158605
0.0158586
0.0158568
0.0158549
0.0158531
0.0158512
0.0158494
0.0158475
0.0158457
0.0158438
0.015842
0.0158401
0.0158383
0.0158365
0.0158346
0.0158328
0.0158309
0.0158291
0.0158273
0.0158254
0.0158236
0.0158218
0.01582
0.0158181
0.0158163
0.0158145
0.0158127
0.0158108
0.015809
0.0158072
0.0158054
0.0158036
0.0158018
0.0158
0.0157982
0.0157963
0.0157945
0.0157927
0.0157909
0.0157891
0.0157873
0.0157855
0.0157837
0.0157819
0.0157801
0.0157784
0.0157766
0.0157748
0.015773
0.0157712
0.0157694
0.0157676
0.0157659
0.0157641
0.0157623
0.0157605
0.0157587
0.015757
0.0157552
0.0157534
0.0157517
0.0157499
0.0157481
0.0157464
0.0157446
0.0157428
0.0157411
0.0157393
0.0157376
0.0157358
0.0157341
0.0157323
0.0157306
0.0157288
0.0157271
0.0157253
0.0157236
0.0157218
0.0157201
0.0157184
0.0157166
0.0157149
0.0157131
0.0157114
0.0157097
0.015708
0.0157062
0.0157045
0.0157028
0.0157011
0.0156993
0.0156976
0.0156959
0.0156942
0.0156925
0.0156908
0.015689
0.0156873
0.0156856
0.0156839
0.0156822
0.0156805
0.0156788
0.0156771
0.0156754
0.0156737
0.015672
0.0156703
0.0156687
0.015667
0.0156653
0.0156636
0.0156619
0.0156602
0.0156585
0.0156569
0.0156552
0.0156535
0.0156518
0.0156502
0.0156485
0.0156468
0.0156451
0.0156435
0.0156418
0.0156402
0.0156385
0.0156368
0.0156352
0.0156335
0.0156319
0.0156302
0.0156286
0.0156269
0.0156253
0.0156236
0.015622
0.0156203
0.0156187
0.015617
0.0156154
0.0156138
0.0156121
0.0156105
0.0156089
0.0156072
0.0156056
0.015604
0.0156024
0.0156007
0.0155991
0.0155975
0.0155959
0.0155942
0.0155926
0.015591
0.0155894
0.0155878
0.0155862
0.0155846
0.015583
0.0155814
0.0155798
0.0155782
0.0155766
0.015575
0.0155734
0.0155718
0.0155702
0.0155686
0.015567
0.0155654
0.0155638
0.0155622
0.0155606
0.0155591
0.0155575
0.0155559
0.0155543
0.0155527
0.0155512
0.0155496
0.015548
0.0155464
0.0155449
0.0155433
0.0155417
0.0155402
0.0155386
0.015537
0.0155355
0.0155339
0.0155324
0.0155308
0.0155293
0.0155277
0.0155262
0.0155246
0.0155231
0.0155215
0.01552
0.0155184
0.0155169
0.0155153
0.0155138
0.0155123
0.0155107
0.0155092
0.0155076
0.0155061
0.0155046
0.0155031
0.0155015
0.0155
0.0154985
0.015497
0.0154954
0.0154939
0.0154924
0.0154909
0.0154894
0.0154878
0.0154863
0.0154848
0.0154833
0.0154818
0.0154803
0.0154788
0.0154773
0.0154758
0.0154743
0.0154728
0.0154713
0.0154698
0.0154683
0.0154668
0.0154653
0.0154638
0.0154623
0.0154608
0.0154593
0.0154578
0.0154563
0.0154548
0.0154534
0.0154519
0.0154504
0.0154489
0.0154474
0.015446
0.0154445
0.015443
0.0154415
0.0154401
0.0154386
0.0154371
0.0154357
0.0154342
0.0154327
0.0154313
0.0154298
0.0154283
0.0154269
0.0154254
0.015424
0.0154225
0.015421
0.0154196
0.0154181
0.0154167
0.0154152
0.0154138
0.0154123
0.0154109
0.0154094
0.015408
0.0154066
0.0154051
0.0154037
0.0154022
0.0154008
0.0153994
0.0153979
0.0153965
0.0153951
0.0153936
0.0153922
0.0153908
0.0153893
0.0153879
0.0153865
0.0153851
0.0153836
0.0153822
0.0153808
0.0153794
0.0153779
0.0153765
0.0153751
0.0153737
0.0153723
0.0153709
0.0153695
0.015368
0.0153666
0.0153652
0.0153638
0.0153624
0.015361
0.0153596
0.0153582
0.0153568
0.0153554
0.015354
0.0153526
0.0153512
0.0153498
0.0153484
0.015347
0.0153456
0.0153442
0.0153428
0.0153414
0.01534
0.0153387
0.0153373
0.0153359
0.0153345
0.0153331
0.0153317
0.0153303
0.015329
0.0153276
0.0153262
0.0153248
0.0153234
0.0153221
0.0153207
0.0153193
0.0153179
0.0153166
0.0153152
0.0153138
0.0153125
0.0153111
0.0153097
0.0153084
0.015307
0.0153056
0.0153043
0.0153029
0.0153015
0.0153002
0.0152988
0.0152975
0.0152961
0.0152948
0.0152934
0.015292
0.0152907
0.0152893
0.015288
0.0152866
0.0152853
0.0152839
0.0152826
0.0152812
0.0152799
0.0152786
0.0152772
0.0152759
0.0152745
0.0152732
0.0152718
0.0152705
0.0152692
0.0152678
0.0152665
0.0152651
0.0152638
0.0152625
0.0152611
0.0152598
0.0152585
0.0152571
0.0152558
0.0152545
0.0152532
0.0152518
0.0152505
0.0152492
0.0152479
0.0152465
0.0152452
0.0152439
0.0152426
0.0152412
0.0152399
0.0152386
0.0152373
0.015236
0.0152347
0.0152333
0.015232
0.0152307
0.0152294
0.0152281
0.0152268
0.0152255
0.0152241
0.0152228
0.0152215
0.0152202
0.0152189
0.0152176
0.0152163
0.015215
0.0152137
0.0152124
0.0152111
0.0152098
0.0152085
0.0152072
0.0152059
0.0152046
0.0152033
0.015202
0.0152007
0.0151994
0.0151981
0.0151968
0.0151955
0.0151942
0.0151929
0.0151917
0.0151904
0.0151891
0.0151878
0.0151865
0.0151852
0.0151839
0.0151826
0.0151814
0.0151801
0.0151788
0.0151775
0.0151762
0.0151749
0.0151737
0.0151724
0.0151711
0.0151698
0.0151685
0.0151673
0.015166
0.0151647
0.0151634
0.0151622
0.0151609
0.0151596
0.0151583
0.0151571
0.0151558
0.0151545
0.0151533
0.015152
0.0151507
0.0151495
0.0151482
0.0151469
0.0151457
0.0151444
0.0151431
0.0151419
0.0151406
0.0151393
0.0151381
0.0151368
0.0151356
0.0151343
0.015133
0.0151318
0.0151305
0.0151293
0.015128
0.0151268
0.0151255
0.0151243
0.015123
0.0151217
0.0151205
0.0151192
0.015118
0.0151167
0.0151155
0.0151142
0.015113
0.0151117
0.0151105
0.0151092
0.015108
0.0151068
0.0151055
0.0151043
0.015103
0.0151018
0.0151005
0.0150993
0.0150981
0.0150968
0.0150956
0.0150943
0.0150931
0.0150919
0.0150906
0.0150894
0.0150881
0.0150869
0.0150857
0.0150844
0.0150832
0.015082
0.0150807
0.0150795
0.0150783
0.015077
0.0150758
0.0150746
0.0150734
0.0150721
0.0150709
0.0150697
0.0150684
0.0150672
0.015066
0.0150648
0.0150635
0.0150623
0.0150611
0.0150599
0.0150586
0.0150574
0.0150562
0.015055
0.0150538
0.0150525
0.0150513
0.0150501
0.0150489
0.0150477
0.0150464
0.0150452
0.015044
0.0150428
0.0150416
0.0150404
0.0150391
0.0150379
0.0150367
0.0150355
0.0150343
0.0150331
0.0150319
0.0150307
0.0150295
0.0150282
0.015027
0.0150258
0.0150246
0.0150234
0.0150222
0.015021
0.0150198
0.0150186
0.0150174
0.0150162
0.015015
0.0150138
0.0150126
0.0150114
0.0150102
0.015009
0.0150078
0.0150066
0.0150054
0.0150042
0.015003
0.0150018
0.0150006
0.0149994
0.0149982
0.014997
0.0149958
0.0149946
0.0149934
0.0149922
0.014991
0.0149898
0.0149886
0.0149874
0.0149862
0.014985
0.0149839
0.0149827
0.0149815
0.0149803
0.0149791
0.0149779
0.0149767
0.0149755
0.0149743
0.0149732
0.014972
0.0149708
0.0149696
0.0149684
0.0149672
0.0149661
0.0149649
0.0149637
0.0149625
0.0149613
0.0149601
0.014959
0.0149578
0.0149566
0.0149554
0.0149542
0.0149531
0.0149519
0.0149507
0.0149495
0.0149484
0.0149472
0.014946
0.0149448
0.0149437
0.0149425
0.0149413
0.0149401
0.014939
0.0149378
0.0149366
0.0149354
0.0149343
0.0149331
0.0149319
0.0149308
0.0149296
0.0149284
0.0149273
0.0149261
0.0149249
0.0149238
0.0149226
0.0149214
0.0149203
0.0149191
0.0149179
0.0149168
0.0149156
0.0149144
0.0149133
0.0149121
0.014911
0.0149098
0.0149086
0.0149075
0.0149063
0.0149052
0.014904
0.0149028
0.0149017
0.0149005
0.0148994
0.0148982
0.0148971
0.0148959
0.0148947
0.0148936
0.0148924
0.0148913
0.0148901
0.014889
0.0148878
0.0148867
0.0148855
0.0148844
0.0148832
0.0148821
0.0148809
0.0148798
0.0148786
0.0148775
0.0148763
0.0148752
0.014874
0.0148729
0.0148717
0.0148706
0.0148694
0.0148683
0.0148671
0.014866
0.0148649
0.0148637
0.0148626
0.0148614
0.0148603
0.0148591
0.014858
0.0148569
0.0148557
0.0148546
0.0148534
0.0148523
0.0148512
0.01485
0.0148489
0.0148478
0.0148466
0.0148455
0.0148443
0.0148432
0.0148421
0.0148409
0.0148398
0.0148387
0.0148375
0.0148364
0.0148353
0.0148341
0.014833
0.0148319
0.0148307
0.0148296
0.0148285
0.0148274
0.0148262
0.0148251
0.014824
0.0148228
0.0148217
0.0148206
0.0148195
0.0148183
0.0148172
0.0148161
0.014815
0.0148138
0.0148127
0.0148116
0.0148105
0.0148093
0.0148082
0.0148071
0.014806
0.0148049
0.0148037
0.0148026
0.0148015
0.0148004
0.0147993
0.0147981
0.014797
0.0147959
0.0147948
0.0147937
0.0147926
0.0147914
0.0147903
0.0147892
0.0147881
0.014787
0.0147859
0.0147848
0.0147837
0.0147825
0.0147814
0.0147803
0.0147792
0.0147781
0.014777
0.0147759
0.0147748
0.0147737
0.0147726
0.0147714
0.0147703
0.0147692
0.0147681
0.014767
0.0147659
0.0147648
0.0147637
0.0147626
0.0147615
0.0147604
0.0147593
0.0147582
0.0147571
0.014756
0.0147549
0.0147538
0.0147527
0.0147516
0.0147505
0.0147494
0.0147483
0.0147472
0.0147461
0.014745
0.0147439
0.0147428
0.0147417
0.0147406
0.0147395
0.0147384
0.0147373
0.0147362
0.0147351
0.0147341
0.014733
0.0147319
0.0147308
0.0147297
0.0147286
0.0147275
0.0147264
0.0147253
0.0147242
0.0147232
0.0147221
0.014721
0.0147199
0.0147188
0.0147177
0.0147166
0.0147156
0.0147145
0.0147134
0.0147123
0.0147112
0.0147101
0.0147091
0.014708
0.0147069
0.0147058
0.0147047
0.0147037
0.0147026
0.0147015
0.0147004
0.0146993
0.0146983
0.0146972
0.0146961
0.014695
0.014694
0.0146929
0.0146918
0.0146907
0.0146897
0.0146886
0.0146875
0.0146864
0.0146854
0.0146843
0.0146832
0.0146822
0.0146811
0.01468
0.014679
0.0146779
0.0146768
0.0146757
0.0146747
0.0146736
0.0146725
0.0146715
0.0146704
0.0146694
0.0146683
0.0146672
0.0146662
0.0146651
0.014664
0.014663
0.0146619
0.0146609
0.0146598
0.0146587
0.0146577
0.0146566
0.0146556
0.0146545
0.0146534
0.0146524
0.0146513
0.0146503
0.0146492
0.0146482
0.0146471
0.0146461
0.014645
0.0146439
0.0146429
0.0146418
0.0146408
0.0146397
0.0146387
0.0146376
0.0146366
0.0146355
0.0146345
0.0146334
0.0146324
0.0146313
0.0146303
0.0146292
0.0146282
0.0146272
0.0146261
0.0146251
0.014624
0.014623
0.0146219
0.0146209
0.0146199
0.0146188
0.0146178
0.0146167
0.0146157
0.0146146
0.0146136
0.0146126
0.0146115
0.0146105
0.0146095
0.0146084
0.0146074
0.0146064
0.0146053
0.0146043
0.0146032
0.0146022
0.0146012
0.0146001
0.0145991
0.0145981
0.0145971
0.014596
0.014595
0.014594
0.0145929
0.0145919
0.0145909
0.0145898
0.0145888
0.0145878
0.0145868
0.0145857
0.0145847
0.0145837
0.0145827
0.0145816
0.0145806
0.0145796
0.0145786
0.0145776
0.0145765
0.0145755
0.0145745
0.0145735
0.0145725
0.0145714
0.0145704
0.0145694
0.0145684
0.0145674
0.0145664
0.0145653
0.0145643
0.0145633
0.0145623
0.0145613
0.0145603
0.0145593
0.0145582
0.0145572
0.0145562
0.0145552
0.0145542
0.0145532
0.0145522
0.0145512
0.0145502
0.0145492
0.0145482
0.0145472
0.0145461
0.0145451
0.0145441
0.0145431
0.0145421
0.0145411
0.0145401
0.0145391
0.0145381
0.0145371
0.0145361
0.0145351
0.0145341
0.0145331
0.0145321
0.0145311
0.0145301
0.0145291
0.0145281
0.0145271
0.0145262
0.0145252
0.0145242
0.0145232
0.0145222
0.0145212
0.0145202
0.0145192
0.0145182
0.0145172
0.0145162
0.0145152
0.0145143
0.0145133
0.0145123
