0.0254796
0.0254747
0.0254699
0.025465
0.0254602
0.0254554
0.0254506
0.0254459
0.0254411
0.0254364
0.0254317
0.025427
0.0254224
0.0254177
0.0254131
0.0254085
0.0254039
0.0253994
0.0253948
0.0253903
0.0253858
0.0253813
0.0253769
0.0253724
0.025368
0.0253636
0.0253592
0.0253548
0.0253504
0.0253461
0.0253417
0.0253374
0.0253331
0.0253288
0.0253246
0.0253203
0.025316
0.0253118
0.0253076
0.0253034
0.0252992
0.025295
0.0252909
0.0252867
0.0252826
0.0252785
0.0252744
0.0252703
0.0252662
0.0252622
0.0252581
0.0252541
0.0252501
0.0252461
0.0252421
0.0252381
0.0252342
0.0252302
0.0252263
0.0252224
0.0252185
0.0252146
0.0252107
0.0252069
0.025203
0.0251992
0.0251953
0.0251915
0.0251877
0.025184
0.0251802
0.0251764
0.0251727
0.025169
0.0251652
0.0251615
0.0251578
0.0251542
0.0251505
0.0251469
0.0251432
0.0251396
0.025136
0.0251324
0.0251288
0.0251252
0.0251216
0.0251181
0.0251145
0.025111
0.0251075
0.025104
0.0251005
0.025097
0.0250935
0.02509
0.0250866
0.0250831
0.0250797
0.0250763
0.0250729
0.0250695
0.0250661
0.0250627
0.0250594
0.025056
0.0250526
0.0250493
0.025046
0.0250427
0.0250394
0.0250361
0.0250328
0.0250295
0.0250262
0.025023
0.0250197
0.0250165
0.0250133
0.02501
0.0250068
0.0250036
0.0250004
0.0249973
0.0249941
0.0249909
0.0249878
0.0249846
0.0249815
0.0249783
0.0249752
0.0249721
0.024969
0.0249659
0.0249628
0.0249597
0.0249566
0.0249536
0.0249505
0.0249475
0.0249444
0.0249414
0.0249384
0.0249353
0.0249323
0.0249293
0.0249263
0.0249233
0.0249203
0.0249174
0.0249144
0.0249114
0.0249085
0.0249055
0.0249026
0.0248996
0.0248967
0.0248938
0.0248909
0.0248879
0.024885
0.0248821
0.0248793
0.0248764
0.0248735
0.0248706
0.0248677
0.0248649
0.024862
0.0248592
0.0248563
0.0248535
0.0248507
0.0248478
0.024845
0.0248422
0.0248394
0.0248366
0.0248338
0.024831
0.0248282
0.0248254
0.0248226
0.0248199
0.0248171
0.0248143
0.0248116
0.0248088
0.0248061
0.0248033
0.0248006
0.0247979
0.0247951
0.0247924
0.0247897
0.024787
0.0247843
0.0247816
0.0247788
0.0247762
0.0247735
0.0247708
0.0247681
0.0247654
0.0247627
0.0247601
0.0247574
0.0247547
0.0247521
0.0247494
0.0247468
0.0247441
0.0247415
0.0247388
0.0247362
0.0247336
0.024731
0.0247283
0.0247257
0.0247231
0.0247205
0.0247179
0.0247153
0.0247127
0.0247101
0.0247075
0.0247049
0.0247023
0.0246997
0.0246971
0.0246946
0.024692
0.0246894
0.0246868
0.0246843
0.0246817
0.0246792
0.0246766
0.0246741
0.0246715
0.024669
0.0246664
0.0246639
0.0246614
0.0246588
0.0246563
0.0246538
0.0246512
0.0246487
0.0246462
0.0246437
0.0246412
0.0246387
0.0246362
0.0246337
0.0246311
0.0246286
0.0246262
0.0246237
0.0246212
0.0246187
0.0246162
0.0246137
0.0246112
0.0246088
0.0246063
0.0246038
0.0246013
0.0245989
0.0245964
0.0245939
0.0245915
0.024589
0.0245866
0.0245841
0.0245816
0.0245792
0.0245767
0.0245743
0.0245719
0.0245694
0.024567
0.0245645
0.0245621
0.0245597
0.0245572
0.0245548
0.0245524
0.02455
0.0245475
0.0245451
0.0245427
0.0245403
0.0245379
0.0245355
0.024533
0.0245306
0.0245282
0.0245258
0.0245234
0.024521
0.0245186
0.0245162
0.0245138
0.0245114
0.024509
0.0245066
0.0245042
0.0245019
0.0244995
0.0244971
0.0244947
0.0244923
0.0244899
0.0244876
0.0244852
0.0244828
0.0244804
0.0244781
0.0244757
0.0244733
0.024471
0.0244686
0.0244662
0.0244639
0.0244615
0.0244591
0.0244568
0.0244544
0.0244521
0.0244497
0.0244474
0.024445
0.0244427
0.0244403
0.024438
0.0244356
0.0244333
0.0244309
0.0244286
0.0244262
0.0244239
0.0244216
0.0244192
0.0244169
0.0244145
0.0244122
0.0244099
0.0244075
0.0244052
0.0244029
0.0244006
0.0243982
0.0243959
0.0243936
0.0243913
0.0243889
0.0243866
0.0243843
0.024382
0.0243797
0.0243773
0.024375
0.0243727
0.0243704
0.0243681
0.0243658
0.0243635
0.0243611
0.0243588
0.0243565
0.0243542
0.0243519
0.0243496
0.0243473
0.024345
0.0243427
0.0243404
0.0243381
0.0243358
0.0243335
0.0243312
0.0243289
0.0243266
0.0243243
0.024322
0.0243197
0.0243174
0.0243151
0.0243129
0.0243106
0.0243083
0.024306
0.0243037
0.0243014
0.0242991
0.0242968
0.0242946
0.0242923
0.02429
0.0242877
0.0242854
0.0242831
0.0242809
0.0242786
0.0242763
0.024274
0.0242718
0.0242695
0.0242672
0.0242649
0.0242627
0.0242604
0.0242581
0.0242558
0.0242536
0.0242513
0.024249
0.0242468
0.0242445
0.0242422
0.02424
0.0242377
0.0242354
0.0242332
0.0242309
0.0242286
0.0242264
0.0242241
0.0242218
0.0242196
0.0242173
0.0242151
0.0242128
0.0242105
0.0242083
0.024206
0.0242038
0.0242015
0.0241993
0.024197
0.0241947
0.0241925
0.0241902
0.024188
0.0241857
0.0241835
0.0241812
0.024179
0.0241767
0.0241745
0.0241722
0.02417
0.0241677
0.0241655
0.0241632
0.024161
0.0241587
0.0241565
0.0241542
0.024152
0.0241497
0.0241475
0.0241453
0.024143
0.0241408
0.0241385
0.0241363
0.024134
0.0241318
0.0241296
0.0241273
0.0241251
0.0241228
0.0241206
0.0241184
0.0241161
0.0241139
0.0241117
0.0241094
0.0241072
0.024105
0.0241027
0.0241005
0.0240982
0.024096
0.0240938
0.0240915
0.0240893
0.0240871
0.0240848
0.0240826
0.0240804
0.0240782
0.0240759
0.0240737
0.0240715
0.0240692
0.024067
0.0240648
