0.107411
0.105055
0.103638
0.101414
0.0980505
0.0932996
0.0869701
0.0793439
0.0714585
0.0646416
0.0597442
0.0567774
0.0552059
0.0544411
0.0540796
0.0539017
0.0538017
0.0537322
0.0536727
0.0536146
0.0535542
0.0534897
0.0534204
0.0533455
0.0532646
0.0531772
0.0530829
0.0529811
0.0528715
0.0527537
0.0526272
0.0524919
0.0523476
0.052194
0.0520312
0.0518591
0.0516776
0.0514867
0.0512865
0.0510769
0.0508579
0.0506297
0.0503922
0.0501455
0.0498899
0.0496255
0.0493525
0.0490716
0.048783
0.0484874
0.0481857
0.0478788
0.0475676
0.0472534
0.0469375
0.0466212
0.0463061
0.0459935
0.045685
0.045382
0.0450856
0.0447971
0.0445174
0.0442473
0.0439873
0.0437378
0.043499
0.0432709
0.0430533
0.042846
0.0426486
0.0424607
0.0422818
0.0421115
0.0419494
0.0417948
0.0416474
0.0415068
0.0413726
0.0412443
0.0411216
0.0410043
0.040892
0.0407845
0.0406815
0.0405827
0.040488
0.0403971
0.0403098
0.040226
0.0401454
0.0400679
0.0399933
0.0399214
0.0398521
0.0397852
0.0397206
0.0396582
0.0395978
0.0395393
0.0394826
0.0394276
0.0393742
0.0393223
0.0392718
0.0392226
0.0391747
0.039128
0.0390823
0.0390377
0.0389941
0.0389515
0.0389097
0.0388687
0.0388286
0.0387892
0.0387505
0.0387125
0.0386751
0.0386384
0.0386023
0.0385667
0.0385316
0.0384971
0.0384631
0.0384295
0.0383964
0.0383637
0.0383314
0.0382996
0.0382681
0.038237
0.0382063
0.0381759
0.0381459
0.0381162
0.0380868
0.0380577
0.0380289
0.0380004
0.0379721
0.0379442
0.0379165
0.0378891
0.0378619
0.0378349
0.0378082
0.0377818
0.0377555
0.0377295
0.0377037
0.0376781
0.0376528
0.0376276
0.0376026
0.0375778
0.0375532
0.0375288
0.0375046
0.0374805
0.0374567
0.037433
0.0374094
0.0373861
0.0373629
0.0373399
0.037317
0.0372943
0.0372717
0.0372493
0.0372271
0.037205
0.037183
0.0371612
0.0371395
0.037118
0.0370966
0.0370754
0.0370542
0.0370333
0.0370124
0.0369917
0.0369711
0.0369507
0.0369303
0.0369101
0.0368901
0.0368701
0.0368503
0.0368306
0.036811
0.0367916
0.0367722
0.036753
0.0367339
0.0367149
0.036696
0.0366773
0.0366586
0.0366401
0.0366216
0.0366033
0.0365851
0.036567
0.036549
0.0365312
0.0365134
0.0364957
0.0364781
0.0364607
0.0364433
0.0364261
0.0364089
0.0363918
0.0363749
0.036358
0.0363413
0.0363246
0.036308
0.0362916
0.0362752
0.0362589
0.0362427
0.0362266
0.0362106
0.0361947
0.0361789
0.0361631
0.0361475
0.0361319
0.0361164
0.036101
0.0360857
0.0360705
0.0360554
0.0360403
0.0360253
0.0360105
0.0359956
0.0359809
0.0359662
0.0359517
0.0359372
0.0359227
0.0359084
0.0358941
0.0358799
0.0358658
0.0358517
0.0358377
0.0358238
0.03581
0.0357962
0.0357825
0.0357688
0.0357553
0.0357417
0.0357283
0.0357149
0.0357016
0.0356883
0.0356751
0.035662
0.0356489
0.0356359
0.035623
0.0356101
0.0355973
0.0355845
0.0355718
0.0355591
0.0355465
0.0355339
0.0355214
0.035509
0.0354966
0.0354842
0.0354719
0.0354597
0.0354475
0.0354354
0.0354233
0.0354112
0.0353992
0.0353872
0.0353753
0.0353635
0.0353516
0.0353399
0.0353281
0.0353164
0.0353048
0.0352932
0.0352816
0.0352701
0.0352586
0.0352472
0.0352358
0.0352244
0.0352131
0.0352018
0.0351905
0.0351793
0.0351681
0.0351569
0.0351458
0.0351347
0.0351237
0.0351127
0.0351017
0.0350907
0.0350798
0.0350689
0.035058
0.0350472
0.0350364
0.0350256
0.0350149
0.0350042
0.0349935
0.0349828
0.0349721
0.0349615
0.0349509
0.0349404
0.0349298
0.0349193
0.0349088
0.0348983
0.0348879
0.0348774
0.034867
0.0348566
0.0348463
0.0348359
0.0348256
0.0348153
0.034805
0.0347947
0.0347844
0.0347742
0.034764
0.0347537
0.0347436
0.0347334
0.0347232
0.0347131
0.0347029
0.0346928
0.0346827
0.0346726
0.0346625
0.0346524
0.0346424
0.0346323
0.0346223
0.0346122
0.0346022
0.0345922
0.0345822
0.0345722
0.0345622
0.0345522
0.0345423
0.0345323
0.0345223
0.0345124
0.0345024
0.0344925
0.0344825
0.0344726
0.0344627
0.0344527
0.0344428
0.0344329
0.034423
0.0344131
0.0344032
0.0343932
0.0343833
0.0343734
0.0343635
0.0343536
0.0343437
0.0343338
0.0343238
0.0343139
0.034304
0.0342941
0.0342842
0.0342742
0.0342643
0.0342544
0.0342444
0.0342345
0.0342245
0.0342146
0.0342046
0.0341947
0.0341847
0.0341747
0.0341647
0.0341547
0.0341447
0.0341347
0.0341247
0.0341147
0.0341047
0.0340946
0.0340846
0.0340745
0.0340644
0.0340544
0.0340443
0.0340342
0.034024
0.0340139
0.0340038
0.0339936
0.0339835
0.0339733
0.0339631
0.0339529
0.0339427
0.0339325
0.0339222
0.033912
0.0339017
0.0338914
0.0338811
0.0338708
0.0338605
0.0338501
0.0338398
0.0338294
0.033819
0.0338086
0.0337982
0.0337877
0.0337773
0.0337668
0.0337563
0.0337458
0.0337352
0.0337247
0.0337141
0.0337035
0.0336929
0.0336823
0.0336716
0.033661
0.0336503
0.0336396
0.0336289
0.0336181
0.0336074
0.0335966
0.0335858
0.033575
0.0335641
0.0335533
0.0335424
0.0335315
0.0335205
0.0335096
0.0334986
0.0334877
0.0334766
0.0334656
0.0334546
0.0334435
0.0334324
0.0334213
0.0334101
0.033399
0.0333878
0.0333766
0.0333654
0.0333541
0.0333429
0.0333316
0.0333203
0.0333089
0.0332976
0.0332862
0.0332748
0.0332634
0.033252
0.0332405
0.033229
0.0332175
0.033206
0.0331945
0.0331829
0.0331713
0.0331597
0.0331481
0.0331364
0.0331248
0.0331131
