0.0256546
0.0256735
0.0256647
0.0256548
0.0256441
0.0256328
0.025621
0.025609
0.0255967
0.0255842
0.0255716
0.0255589
0.0255461
0.0255332
0.0255203
0.0255074
0.0254945
0.0254816
0.0254687
0.0254558
0.0254429
0.02543
0.0254172
0.0254043
0.0253915
0.0253787
0.025366
0.0253533
0.0253405
0.0253279
0.0253152
0.0253026
0.02529
0.0252775
0.0252649
0.0252524
0.02524
0.0252275
0.0252151
0.0252028
0.0251904
0.0251781
0.0251659
0.0251536
0.0251414
0.0251293
0.0251171
0.025105
0.0250929
0.0250809
0.0250689
0.0250569
0.025045
0.0250331
0.0250212
0.0250094
0.0249976
0.0249858
0.024974
0.0249623
0.0249507
0.024939
0.0249274
0.0249158
0.0249043
0.0248928
0.0248813
0.0248699
0.0248585
0.0248471
0.0248357
0.0248244
0.0248131
0.0248019
0.0247907
0.0247795
0.0247683
0.0247572
0.0247461
0.0247351
0.024724
0.024713
0.0247021
0.0246912
0.0246803
0.0246694
0.0246586
0.0246477
0.024637
0.0246262
0.0246155
0.0246048
0.0245942
0.0245836
0.024573
0.0245624
0.0245519
0.0245414
0.0245309
0.0245205
0.0245101
0.0244997
0.0244893
0.024479
0.0244687
0.0244585
0.0244482
0.024438
0.0244278
0.0244177
0.0244076
0.0243975
0.0243874
0.0243774
0.0243674
0.0243574
0.0243475
0.0243376
0.0243277
0.0243178
0.024308
0.0242982
0.0242884
0.0242787
0.024269
0.0242593
0.0242496
0.02424
0.0242303
0.0242208
0.0242112
0.0242017
0.0241922
0.0241827
0.0241732
0.0241638
0.0241544
0.0241451
0.0241357
0.0241264
0.0241171
0.0241078
0.0240986
0.0240894
0.0240802
0.024071
0.0240619
0.0240528
0.0240437
0.0240347
0.0240256
0.0240166
0.0240076
0.0239987
0.0239897
0.0239808
0.023972
0.0239631
0.0239543
0.0239455
0.0239367
0.0239279
0.0239192
0.0239105
0.0239018
0.0238931
0.0238845
0.0238759
0.0238673
0.0238587
0.0238502
0.0238416
0.0238331
0.0238247
0.0238162
0.0238078
0.0237994
0.023791
0.0237827
0.0237743
0.023766
0.0237577
0.0237495
0.0237412
0.023733
0.0237248
0.0237166
0.0237085
0.0237003
0.0236922
0.0236842
0.0236761
0.0236681
0.02366
0.023652
0.0236441
0.0236361
0.0236282
0.0236203
0.0236124
0.0236045
0.0235967
0.0235889
0.0235811
0.0235733
0.0235655
0.0235578
0.0235501
0.0235424
0.0235347
0.0235271
0.0235194
0.0235118
0.0235042
0.0234967
0.0234891
0.0234816
0.0234741
0.0234666
0.0234591
0.0234517
0.0234442
0.0234368
0.0234295
0.0234221
0.0234148
0.0234074
0.0234001
0.0233928
0.0233856
0.0233783
0.0233711
0.0233639
0.0233567
0.0233495
0.0233424
0.0233353
0.0233282
0.0233211
0.023314
0.023307
0.0232999
0.0232929
0.0232859
0.0232789
0.023272
0.0232651
0.0232581
0.0232512
0.0232444
0.0232375
0.0232307
0.0232238
0.023217
0.0232102
0.0232035
0.0231967
0.02319
0.0231833
0.0231766
0.0231699
0.0231633
0.0231566
0.02315
0.0231434
0.0231368
0.0231302
0.0231237
0.0231171
0.0231106
0.0231041
0.0230977
0.0230912
0.0230847
0.0230783
0.0230719
0.0230655
0.0230591
0.0230528
0.0230464
0.0230401
0.0230338
0.0230275
0.0230213
0.023015
0.0230088
0.0230025
0.0229963
0.0229901
0.022984
0.0229778
0.0229717
0.0229656
0.0229595
0.0229534
0.0229473
0.0229412
0.0229352
0.0229292
0.0229232
0.0229172
0.0229112
0.0229052
0.0228993
0.0228934
0.0228875
0.0228816
0.0228757
0.0228698
0.022864
0.0228582
0.0228523
0.0228465
0.0228408
0.022835
0.0228292
0.0228235
0.0228178
0.0228121
0.0228064
0.0228007
0.0227951
0.0227894
0.0227838
0.0227782
0.0227726
0.022767
0.0227614
0.0227559
0.0227503
0.0227448
0.0227393
0.0227338
0.0227283
0.0227229
0.0227174
0.022712
0.0227066
0.0227012
0.0226958
0.0226904
0.022685
0.0226797
0.0226743
0.022669
0.0226637
0.0226584
0.0226532
0.0226479
0.0226426
0.0226374
0.0226322
0.022627
0.0226218
0.0226166
0.0226115
0.0226063
0.0226012
0.0225961
0.0225909
0.0225859
0.0225808
0.0225757
0.0225707
0.0225656
0.0225606
0.0225556
0.0225506
0.0225456
0.0225406
0.0225357
0.0225307
0.0225258
0.0225209
0.022516
0.0225111
0.0225062
0.0225013
0.0224965
0.0224916
0.0224868
0.022482
0.0224772
0.0224724
0.0224676
0.0224629
0.0224581
0.0224534
0.0224486
0.0224439
0.0224392
0.0224346
0.0224299
0.0224252
0.0224206
0.0224159
0.0224113
0.0224067
0.0224021
0.0223975
0.0223929
0.0223884
0.0223838
0.0223793
0.0223748
0.0223702
0.0223657
0.0223613
0.0223568
0.0223523
0.0223479
0.0223434
0.022339
0.0223346
0.0223302
0.0223258
0.0223214
0.022317
0.0223127
0.0223083
0.022304
0.0222997
0.0222953
0.022291
0.0222868
0.0222825
0.0222782
0.022274
0.0222697
0.0222655
0.0222613
0.022257
0.0222528
0.0222487
0.0222445
0.0222403
0.0222362
0.022232
0.0222279
0.0222238
0.0222197
0.0222156
0.0222115
0.0222074
0.0222033
0.0221993
0.0221952
0.0221912
0.0221872
0.0221832
0.0221792
0.0221752
0.0221712
0.0221672
0.0221633
0.0221593
0.0221554
0.0221514
0.0221475
0.0221436
0.0221397
0.0221358
0.022132
0.0221281
0.0221242
0.0221204
0.0221166
0.0221127
0.0221089
0.0221051
0.0221013
0.0220975
0.0220938
0.02209
0.0220862
0.0220825
0.0220788
0.022075
0.0220713
0.0220676
0.0220639
0.0220602
0.0220566
0.0220529
0.0220492
0.0220456
0.022042
0.0220383
0.0220347
0.0220311
0.0220275
0.0220239
0.0220203
0.0220168
0.0220132
0.0220097
0.0220061
0.0220026
0.0219991
0.0219956
