0.0333054
0.0332915
0.0332766
0.0332616
0.0332465
0.0332314
0.0332163
0.0332011
0.0331859
0.0331707
0.0331554
0.0331401
0.0331248
0.0331095
0.0330941
0.0330787
0.0330633
0.0330479
0.0330324
0.0330169
0.0330014
0.0329859
0.0329704
0.0329548
0.0329392
0.0329236
0.032908
0.0328923
0.0328766
0.0328609
0.0328452
0.0328295
0.0328137
0.0327979
0.0327821
0.0327663
0.0327505
0.0327346
0.0327187
0.0327028
0.0326869
0.032671
0.0326551
0.0326391
0.0326231
0.0326071
0.0325911
0.032575
0.032559
0.0325429
0.0325268
0.0325107
0.0324945
0.0324784
0.0324622
0.032446
0.0324298
0.0324135
0.0323973
0.032381
0.0323647
0.0323483
0.032332
0.0323156
0.0322992
0.0322827
0.0322662
0.0322498
0.0322332
0.0322167
0.0322001
0.0321835
0.0321668
0.0321501
0.0321334
0.0321166
0.0320998
0.032083
0.0320661
0.0320492
0.0320322
0.0320152
0.0319981
0.031981
0.0319638
0.0319466
0.0319293
0.0319119
0.0318945
0.0318771
0.0318595
0.0318419
0.0318242
0.0318065
0.0317887
0.0317708
0.0317528
0.0317347
0.0317166
0.0316983
0.03168
0.0316615
0.031643
0.0316244
0.0316056
0.0315868
0.0315678
0.0315487
0.0315295
0.0315102
0.0314908
0.0314712
0.0314515
0.0314316
0.0314116
0.0313915
0.0313712
0.0313507
0.0313301
0.0313094
0.0312884
0.0312673
0.031246
0.0312246
0.0312029
0.0311811
0.0311591
0.0311369
0.0311145
0.0310919
0.031069
0.031046
0.0310227
0.0309993
0.0309756
0.0309517
0.0309275
0.0309032
0.0308786
0.0308537
0.0308286
0.0308033
0.0307777
0.0307519
0.0307259
0.0306996
0.030673
0.0306462
0.0306192
0.0305919
0.0305644
0.0305366
0.0305085
0.0304802
0.0304517
0.0304229
0.0303939
0.0303647
0.0303352
0.0303055
0.0302756
0.0302455
0.0302151
0.0301845
0.0301537
0.0301228
0.0300916
0.0300602
0.0300287
0.0299969
0.029965
0.0299329
0.0299007
0.0298683
0.0298358
0.0298031
0.0297703
0.0297373
0.0297043
0.0296711
0.0296378
0.0296044
0.0295709
0.0295374
0.0295037
0.02947
0.0294362
0.0294023
0.0293684
0.0293344
0.0293004
0.0292664
0.0292323
0.0291982
0.0291641
0.0291299
0.0290958
0.0290617
0.0290275
0.0289934
0.0289594
0.0289253
0.0288913
0.0288573
0.0288234
0.0287895
0.0287557
0.028722
0.0286883
0.0286547
0.0286212
0.0285878
0.0285545
0.0285213
0.0284882
0.0284553
0.0284224
0.0283897
0.0283571
0.0283247
0.0282924
0.0282603
0.0282283
0.0281965
0.0281649
0.0281334
0.0281021
0.028071
0.0280401
0.0280094
0.0279789
0.0279486
0.0279185
0.0278886
0.0278589
0.0278294
0.0278002
0.0277712
0.0277424
0.0277138
0.0276855
0.0276574
0.0276295
0.0276019
0.0275745
0.0275474
0.0275205
0.0274938
0.0274674
0.0274413
0.0274154
0.0273897
0.0273643
0.0273392
0.0273143
0.0272896
0.0272652
0.0272411
0.0272172
0.0271936
0.0271702
0.0271471
0.0271242
0.0271015
0.0270791
0.027057
0.0270351
0.0270134
0.026992
0.0269709
0.0269499
0.0269292
0.0269088
0.0268885
0.0268685
0.0268488
0.0268292
0.0268099
0.0267908
0.0267719
0.0267533
0.0267348
0.0267166
0.0266986
0.0266808
0.0266632
0.0266458
0.0266286
0.0266116
0.0265948
0.0265782
0.0265618
0.0265456
0.0265296
0.0265137
0.0264981
0.0264826
0.0264673
0.0264522
0.0264372
0.0264224
0.0264078
0.0263933
0.026379
0.0263649
0.0263509
0.0263371
0.0263235
0.0263099
0.0262966
0.0262834
0.0262703
0.0262574
0.0262446
0.0262319
0.0262194
0.026207
0.0261948
0.0261827
0.0261707
0.0261588
0.0261471
0.0261355
0.026124
0.0261126
0.0261013
0.0260902
0.0260792
0.0260683
0.0260575
0.0260468
0.0260362
0.0260257
0.0260153
0.026005
0.0259949
0.0259848
0.0259748
0.0259649
0.0259552
0.0259455
0.0259359
0.0259264
0.025917
0.0259076
0.0258984
0.0258892
0.0258802
0.0258712
0.0258623
0.0258535
0.0258447
0.0258361
0.0258275
0.025819
0.0258106
0.0258022
0.025794
0.0257857
0.0257776
0.0257696
0.0257616
0.0257537
0.0257458
0.025738
0.0257303
0.0257227
0.0257151
0.0257075
0.0257001
0.0256927
0.0256854
0.0256781
0.0256709
0.0256637
0.0256566
0.0256496
0.0256426
0.0256357
0.0256288
0.025622
0.0256153
0.0256085
0.0256019
0.0255953
0.0255888
0.0255823
0.0255758
0.0255694
0.0255631
0.0255568
0.0255505
0.0255443
0.0255382
0.0255321
0.025526
0.02552
0.025514
0.0255081
0.0255022
0.0254964
0.0254906
0.0254848
0.0254791
0.0254734
0.0254678
0.0254622
0.0254566
0.0254511
0.0254456
0.0254402
0.0254348
0.0254294
0.0254241
0.0254188
0.0254136
0.0254084
0.0254032
0.0253981
0.0253929
0.0253879
0.0253828
0.0253778
0.0253729
0.0253679
0.025363
0.0253581
0.0253533
0.0253485
0.0253437
0.0253389
0.0253342
0.0253295
0.0253249
0.0253202
0.0253156
0.0253111
0.0253065
0.025302
0.0252975
0.0252931
0.0252886
0.0252842
0.0252798
0.0252755
0.0252712
0.0252669
0.0252626
0.0252583
0.0252541
0.0252499
0.0252457
0.0252416
0.0252375
0.0252334
0.0252293
0.0252252
0.0252212
0.0252172
0.0252132
0.0252092
0.0252053
0.0252014
0.0251975
0.0251936
0.0251897
0.0251859
0.0251821
0.0251783
0.0251745
0.0251708
0.025167
0.0251633
0.0251596
0.025156
0.0251523
0.0251487
0.0251451
0.0251415
0.0251379
0.0251343
0.0251308
0.0251273
0.0251238
0.0251203
0.0251168
0.0251133
0.0251099
0.0251065
0.0251031
0.0250997
0.0250963
0.025093
0.0250896
0.0250863
0.025083
0.0250797
0.0250764
0.0250732
0.0250699
