0.0247582
0.0247551
0.0247521
0.0247489
0.0247456
0.0247421
0.0247385
0.0247349
0.0247311
0.0247273
0.0247234
0.0247195
0.0247155
0.0247116
0.0247075
0.0247035
0.0246994
0.0246953
0.0246912
0.0246871
0.0246829
0.0246788
0.0246747
0.0246705
0.0246664
0.0246622
0.024658
0.0246539
0.0246497
0.0246455
0.0246414
0.0246372
0.024633
0.0246289
0.0246247
0.0246205
0.0246163
0.0246122
0.024608
0.0246038
0.0245997
0.0245955
0.0245913
0.0245872
0.024583
0.0245789
0.0245747
0.0245705
0.0245664
0.0245622
0.0245581
0.0245539
0.0245498
0.0245456
0.0245415
0.0245373
0.0245332
0.0245291
0.0245249
0.0245208
0.0245167
0.0245125
0.0245084
0.0245043
0.0245001
0.024496
0.0244919
0.0244878
0.0244836
0.0244795
0.0244754
0.0244713
0.0244672
0.0244631
0.024459
0.0244549
0.0244508
0.0244467
0.0244426
0.0244385
0.0244344
0.0244303
0.0244262
0.0244221
0.024418
0.0244139
0.0244098
0.0244058
0.0244017
0.0243976
0.0243935
0.0243895
0.0243854
0.0243813
0.0243772
0.0243732
0.0243691
0.0243651
0.024361
0.0243569
0.0243529
0.0243488
0.0243448
0.0243407
0.0243367
0.0243326
0.0243286
0.0243246
0.0243205
0.0243165
0.0243125
0.0243084
0.0243044
0.0243004
0.0242963
0.0242923
0.0242883
0.0242843
0.0242803
0.0242762
0.0242722
0.0242682
0.0242642
0.0242602
0.0242562
0.0242522
0.0242482
0.0242442
0.0242402
0.0242362
0.0242322
0.0242282
0.0242242
0.0242202
0.0242163
0.0242123
0.0242083
0.0242043
0.0242003
0.0241964
0.0241924
0.0241884
0.0241845
0.0241805
0.0241765
0.0241726
0.0241686
0.0241646
0.0241607
0.0241567
0.0241528
0.0241488
0.0241449
0.0241409
0.024137
0.024133
0.0241291
0.0241252
0.0241212
0.0241173
0.0241134
0.0241094
0.0241055
0.0241016
0.0240976
0.0240937
0.0240898
0.0240859
0.024082
0.024078
0.0240741
0.0240702
0.0240663
0.0240624
0.0240585
0.0240546
0.0240507
0.0240468
0.0240429
0.024039
0.0240351
0.0240312
0.0240273
0.0240234
0.0240195
0.0240157
0.0240118
0.0240079
0.024004
0.0240001
0.0239963
0.0239924
0.0239885
0.0239846
0.0239808
0.0239769
0.0239731
0.0239692
0.0239653
0.0239615
0.0239576
0.0239538
0.0239499
0.0239461
0.0239422
0.0239384
0.0239345
0.0239307
0.0239268
0.023923
0.0239192
0.0239153
0.0239115
0.0239077
0.0239038
0.0239
0.0238962
0.0238924
0.0238885
0.0238847
0.0238809
0.0238771
0.0238733
0.0238695
0.0238656
0.0238618
0.023858
0.0238542
0.0238504
0.0238466
0.0238428
0.023839
0.0238352
0.0238314
0.0238276
0.0238238
0.0238201
0.0238163
0.0238125
0.0238087
0.0238049
0.0238011
0.0237974
0.0237936
0.0237898
0.023786
0.0237823
0.0237785
0.0237747
0.023771
0.0237672
0.0237635
0.0237597
0.0237559
0.0237522
0.0237484
0.0237447
0.0237409
0.0237372
0.0237334
0.0237297
0.023726
0.0237222
0.0237185
0.0237147
0.023711
0.0237073
0.0237035
0.0236998
0.0236961
0.0236924
0.0236886
0.0236849
0.0236812
0.0236775
0.0236738
0.02367
0.0236663
0.0236626
0.0236589
0.0236552
0.0236515
0.0236478
0.0236441
0.0236404
0.0236367
0.023633
0.0236293
0.0236256
0.0236219
0.0236182
0.0236146
0.0236109
0.0236072
0.0236035
0.0235998
0.0235961
0.0235925
0.0235888
0.0235851
0.0235815
0.0235778
0.0235741
0.0235705
0.0235668
0.0235631
0.0235595
0.0235558
0.0235522
0.0235485
0.0235449
0.0235412
0.0235376
0.0235339
0.0235303
0.0235266
0.023523
0.0235193
0.0235157
0.0235121
0.0235084
0.0235048
0.0235012
0.0234976
0.0234939
0.0234903
0.0234867
0.0234831
0.0234794
0.0234758
0.0234722
0.0234686
0.023465
0.0234614
0.0234578
0.0234542
0.0234506
0.023447
0.0234434
0.0234398
0.0234362
0.0234326
0.023429
0.0234254
0.0234218
0.0234182
0.0234146
0.023411
0.0234075
0.0234039
0.0234003
0.0233967
0.0233931
0.0233896
0.023386
0.0233824
0.0233789
0.0233753
0.0233717
0.0233682
0.0233646
0.0233611
0.0233575
0.0233539
0.0233504
0.0233468
0.0233433
0.0233398
0.0233362
0.0233327
0.0233291
0.0233256
0.023322
0.0233185
0.023315
0.0233114
0.0233079
0.0233044
0.0233009
0.0232973
0.0232938
0.0232903
0.0232868
0.0232833
0.0232797
0.0232762
0.0232727
0.0232692
0.0232657
0.0232622
0.0232587
0.0232552
0.0232517
0.0232482
0.0232447
0.0232412
0.0232377
0.0232342
0.0232307
0.0232272
0.0232238
0.0232203
0.0232168
0.0232133
0.0232098
0.0232064
0.0232029
0.0231994
0.0231959
0.0231925
0.023189
0.0231855
0.0231821
0.0231786
0.0231752
0.0231717
0.0231682
0.0231648
0.0231613
0.0231579
0.0231544
0.023151
0.0231476
0.0231441
0.0231407
0.0231372
0.0231338
0.0231304
0.0231269
0.0231235
0.0231201
0.0231166
0.0231132
0.0231098
0.0231064
0.0231029
0.0230995
0.0230961
0.0230927
0.0230893
0.0230859
0.0230825
0.0230791
0.0230757
0.0230723
0.0230689
0.0230655
0.0230621
0.0230587
0.0230553
0.0230519
0.0230485
0.0230451
0.0230417
0.0230383
0.023035
0.0230316
0.0230282
0.0230248
0.0230214
0.0230181
0.0230147
0.0230113
0.023008
0.0230046
0.0230012
0.0229979
0.0229945
0.0229912
0.0229878
0.0229845
0.0229811
0.0229778
0.0229744
0.0229711
0.0229677
0.0229644
0.022961
0.0229577
0.0229544
0.022951
0.0229477
0.0229444
0.0229411
0.0229377
0.0229344
0.0229311
0.0229278
0.0229244
0.0229211
0.0229178
0.0229145
0.0229112
0.0229079
0.0229046
0.0229013
0.022898
0.0228947
0.0228914
0.0228881
