0.21796
0.21771
0.217763
0.217819
0.217877
0.217937
0.217998
0.21806
0.218123
0.218185
0.218248
0.218311
0.218375
0.218442
0.218513
0.218591
0.218677
0.218773
0.218879
0.218995
0.21912
0.219252
0.219388
0.219526
0.219664
0.2198
0.219931
0.220057
0.220177
0.22029
0.220396
0.220496
0.22059
0.220677
0.220759
0.220835
0.220906
0.220973
0.221034
0.221092
0.221146
0.221196
0.221242
0.221286
0.221326
0.221364
0.221399
0.221432
0.221463
0.221491
0.221518
0.221543
0.221566
0.221587
0.221607
0.221625
0.221641
0.221656
0.221669
0.221681
0.221692
0.221701
0.221709
0.221716
0.221722
0.221726
0.221729
0.221731
0.221732
0.221732
0.221731
0.221729
0.221726
0.221723
0.221718
0.221713
0.221706
0.221699
0.221691
0.221683
0.221674
0.221664
0.221653
0.221642
0.22163
0.221618
0.221605
0.221591
0.221577
0.221562
0.221547
0.221531
0.221515
0.221498
0.221481
0.221463
0.221445
0.221426
0.221406
0.221386
0.221366
0.221345
0.221323
0.221301
0.221278
0.221254
0.22123
0.221204
0.221179
0.221152
0.221124
0.221096
0.221066
0.221036
0.221004
0.220971
0.220937
0.220902
0.220865
0.220827
0.220787
0.220746
0.220703
0.220658
0.220612
0.220564
0.220514
0.220463
0.22041
0.220355
0.220299
0.220242
0.220184
0.220124
0.220065
0.220005
0.219945
0.219885
0.219826
0.219769
0.219713
0.219658
0.219606
0.219556
0.219508
0.219463
0.219421
0.219381
0.219344
0.21931
0.219279
0.219251
0.219225
0.219201
0.21918
0.219161
0.219144
0.219128
0.219115
0.219103
0.219092
0.219083
0.219075
0.219068
0.219062
0.219057
0.219052
0.219049
0.219046
0.219043
0.219041
0.219039
0.219038
0.219037
0.219037
0.219036
0.219036
0.219036
0.219037
0.219037
0.219038
0.219038
0.219039
0.21904
0.219041
0.219042
0.219043
0.219044
0.219045
0.219046
0.219047
0.219048
0.219049
0.21905
0.219051
0.219052
0.219053
0.219054
0.219055
0.219056
0.219057
0.219058
0.219059
0.21906
0.219061
0.219062
0.219063
0.219063
0.219064
0.219065
0.219066
0.219066
0.219067
0.219067
0.219068
0.219068
0.219069
0.219069
0.21907
0.21907
0.219071
0.219071
0.219071
0.219071
0.219072
0.219072
0.219072
0.219072
0.219072
0.219072
0.219072
0.219072
0.219072
0.219072
0.219071
0.219071
0.219071
0.219071
0.21907
0.21907
0.21907
0.219069
0.219069
0.219068
0.219067
0.219067
0.219066
0.219066
0.219065
0.219064
0.219063
0.219062
0.219061
0.21906
0.219059
0.219058
0.219057
0.219056
0.219055
0.219054
0.219053
0.219051
0.21905
0.219049
0.219047
0.219046
0.219044
0.219042
0.219041
0.219039
0.219037
0.219036
0.219034
0.219032
0.21903
0.219028
0.219026
0.219024
0.219022
0.219019
0.219017
0.219015
0.219012
0.21901
0.219007
0.219005
0.219002
0.218999
0.218997
0.218994
0.218991
0.218988
0.218985
0.218982
0.218979
0.218975
0.218972
0.218969
0.218965
0.218962
0.218958
0.218954
0.218951
0.218947
0.218943
0.218939
0.218935
0.218931
0.218926
0.218922
0.218918
0.218913
0.218909
0.218904
0.218899
0.218894
0.218889
0.218884
0.218879
0.218874
0.218869
0.218863
0.218858
0.218852
0.218847
0.218841
0.218835
0.218829
0.218823
0.218817
0.218811
0.218804
0.218798
0.218791
0.218785
0.218778
0.218771
0.218764
0.218757
0.21875
0.218743
0.218736
0.218728
0.218721
0.218713
0.218706
0.218698
0.21869
0.218682
0.218674
0.218666
0.218658
0.21865
0.218641
0.218633
0.218625
0.218616
0.218608
0.218599
0.21859
0.218581
0.218572
0.218564
0.218555
0.218545
0.218536
0.218527
0.218518
0.218509
0.218499
0.21849
0.218481
0.218471
0.218462
0.218452
0.218443
0.218433
0.218423
0.218414
0.218404
0.218394
0.218385
0.218375
0.218365
0.218355
0.218345
0.218335
0.218326
0.218316
0.218306
0.218296
0.218286
0.218276
0.218266
0.218256
0.218246
0.218236
0.218226
0.218216
0.218206
0.218196
0.218186
0.218177
0.218167
0.218157
0.218147
0.218137
0.218127
0.218117
0.218107
0.218097
0.218087
0.218078
0.218068
0.218058
0.218048
0.218038
0.218029
0.218019
0.218009
0.217999
0.21799
0.21798
0.21797
0.217961
0.217951
0.217942
0.217932
0.217922
0.217913
0.217903
0.217894
0.217885
0.217875
0.217866
0.217856
0.217847
0.217838
0.217828
0.217819
0.21781
0.217801
0.217791
0.217782
0.217773
0.217764
0.217755
0.217746
0.217737
0.217728
0.217719
0.21771
0.217701
0.217692
0.217683
0.217675
0.217666
0.217657
0.217648
0.217639
0.217631
0.217622
0.217613
0.217605
0.217596
0.217588
0.217579
0.217571
0.217562
0.217554
0.217545
0.217537
0.217529
0.21752
0.217512
0.217504
0.217496
0.217487
0.217479
0.217471
0.217463
0.217455
0.217447
0.217439
0.217431
0.217423
0.217415
0.217407
0.217399
0.217391
0.217383
0.217376
0.217368
0.21736
0.217352
0.217345
0.217337
0.217329
0.217322
0.217314
0.217307
0.217299
0.217292
0.217284
0.217277
0.217269
0.217262
0.217255
0.217247
0.21724
0.217233
0.217225
0.217218
0.217211
0.217204
0.217197
0.21719
0.217183
0.217176
0.217168
0.217161
0.217155
0.217148
0.217141
0.217134
0.217127
0.21712
0.217113
0.217106
0.2171
0.217093
0.217086
0.217079
0.217073
0.217066
0.21706
0.217053
0.217046
0.21704
0.217033
0.217027
0.21702
0.217014
0.217008
0.217001
0.216995
0.216988
0.216982
0.216976
0.21697
0.216963
0.216957
0.216951
0.216945
0.216939
0.216932
0.216926
0.21692
0.216914
0.216908
0.216902
0.216896
0.21689
0.216884
0.216878
0.216873
0.216867
0.216861
0.216855
0.216849
0.216843
0.216838
0.216832
0.216826
0.21682
0.216815
0.216809
0.216803
0.216798
0.216792
0.216787
0.216781
0.216776
0.21677
0.216765
0.216759
0.216754
0.216748
0.216743
0.216738
0.216732
0.216727
0.216722
0.216716
0.216711
0.216706
0.2167
0.216695
0.21669
0.216685
0.21668
0.216674
0.216669
0.216664
0.216659
0.216654
0.216649
0.216644
0.216639
0.216634
0.216629
0.216624
0.216619
0.216614
0.216609
0.216604
0.216599
0.216595
0.21659
0.216585
0.21658
0.216575
0.216571
0.216566
0.216561
0.216556
0.216552
0.216547
0.216542
0.216538
0.216533
0.216528
0.216524
0.216519
0.216515
0.21651
0.216505
0.216501
0.216496
0.216492
0.216487
0.216483
0.216478
0.216474
0.21647
0.216465
0.216461
0.216456
0.216452
0.216448
0.216443
0.216439
0.216435
0.21643
0.216426
0.216422
0.216418
0.216413
0.216409
0.216405
0.216401
0.216397
0.216392
0.216388
0.216384
0.21638
0.216376
0.216372
0.216368
0.216364
0.21636
0.216355
0.216351
0.216347
0.216343
0.216339
0.216335
0.216331
0.216327
0.216323
0.21632
0.216316
0.216312
0.216308
0.216304
0.2163
0.216296
0.216292
0.216288
0.216285
0.216281
0.216277
0.216273
0.216269
0.216266
0.216262
0.216258
0.216254
0.216251
0.216247
0.216243
0.216239
0.216236
0.216232
0.216228
0.216225
0.216221
0.216217
0.216214
0.21621
0.216207
0.216203
0.216199
0.216196
0.216192
0.216189
0.216185
0.216182
0.216178
0.216174
0.216171
0.216167
0.216164
0.21616
0.216157
0.216154
0.21615
0.216147
0.216143
0.21614
0.216136
0.216133
0.21613
0.216126
0.216123
0.216119
0.216116
0.216113
0.216109
0.216106
0.216103
0.216099
0.216096
0.216093
0.216089
0.216086
0.216083
0.21608
0.216076
0.216073
0.21607
0.216067
0.216063
0.21606
0.216057
0.216054
0.21605
0.216047
0.216044
0.216041
0.216038
0.216035
0.216031
0.216028
0.216025
0.216022
0.216019
0.216016
0.216013
0.21601
0.216006
0.216003
0.216
0.215997
0.215994
0.215991
0.215988
0.215985
0.215982
0.215979
0.215976
0.215973
0.21597
0.215967
0.215964
0.215961
0.215958
0.215955
0.215952
0.215949
0.215946
0.215943
0.21594
0.215937
0.215934
0.215931
0.215928
0.215926
0.215923
0.21592
