0.0384874
0.0366464
0.0379911
0.0393223
0.0403098
0.0409351
0.0413126
0.0415376
0.0416671
0.0417324
0.0417503
0.0417288
0.0416703
0.0415733
0.0414334
0.0412446
0.0410017
0.0407041
0.0403612
0.0399945
0.0396338
0.0393073
0.0390322
0.0388115
0.0386381
0.038501
0.0383892
0.0382944
0.038211
0.0381353
0.038065
0.0379984
0.0379342
0.0378709
0.037807
0.0377405
0.0376691
0.0375894
0.0374975
0.0373879
0.0372536
0.0370859
0.0368744
0.0366073
0.0362729
0.0358615
0.035368
0.034794
0.0341484
0.0334468
0.0327096
0.0319595
0.0312183
0.0305046
0.0298323
0.0292103
0.0286423
0.0281287
0.0276668
0.0272524
0.0268808
0.0265466
0.0262452
0.025972
0.0257231
0.0254952
0.0252853
0.0250909
0.0249101
0.0247411
0.0245825
0.0244331
0.0242919
0.024158
0.0240307
0.0239094
0.0237936
0.023683
0.023577
0.0234754
0.023378
0.0232845
0.0231946
0.0231082
0.0230251
0.0229453
0.0228685
0.0227946
0.0227235
0.0226552
0.0225895
0.0225264
0.0224657
0.0224074
0.0223513
0.0222975
0.0222458
0.0221962
0.0221487
0.022103
0.0220592
0.0220173
0.0219771
0.0219385
0.0219016
0.0218663
0.0218325
0.0218001
0.0217691
0.0217395
0.0217112
0.0216841
0.0216582
0.0216334
0.0216098
0.0215872
0.0215657
0.0215451
0.0215254
0.0215066
0.0214887
0.0214715
0.0214552
0.0214396
0.0214247
0.0214104
0.0213968
0.0213838
0.0213714
0.0213596
0.0213482
0.0213374
0.021327
0.021317
0.0213075
0.0212983
0.0212896
0.0212812
0.0212731
0.0212653
0.0212578
0.0212506
0.0212436
0.0212369
0.0212304
0.0212242
0.0212181
0.0212122
0.0212064
0.0212009
0.0211954
0.0211902
0.021185
0.02118
0.021175
0.0211702
0.0211655
0.0211608
0.0211563
0.0211518
0.0211473
0.021143
0.0211387
0.0211345
0.0211303
0.0211261
0.021122
0.021118
0.0211139
0.0211099
0.021106
0.0211021
0.0210982
0.0210943
0.0210904
0.0210866
0.0210828
0.021079
0.0210752
0.0210715
0.0210677
0.021064
0.0210603
0.0210566
0.0210529
0.0210493
0.0210456
0.021042
0.0210383
0.0210347
0.0210311
0.0210275
0.0210239
0.0210203
0.0210167
0.0210132
0.0210096
0.0210061
0.0210025
0.020999
0.0209955
0.020992
0.0209885
0.020985
0.0209815
0.020978
0.0209745
0.0209711
0.0209676
0.0209642
0.0209607
0.0209573
0.0209539
0.0209505
0.0209471
0.0209437
0.0209403
0.0209369
0.0209336
0.0209302
0.0209268
0.0209235
0.0209202
0.0209168
0.0209135
0.0209102
0.0209069
0.0209036
0.0209003
0.0208971
0.0208938
0.0208905
0.0208873
0.020884
0.0208808
0.0208776
0.0208744
0.0208712
0.020868
0.0208648
0.0208616
0.0208584
0.0208553
0.0208521
0.020849
0.0208459
0.0208427
0.0208396
0.0208365
0.0208334
0.0208303
0.0208273
0.0208242
0.0208211
0.0208181
0.0208151
0.020812
0.020809
0.020806
0.020803
0.0208
0.020797
0.020794
0.0207911
0.0207881
0.0207851
0.0207822
0.0207793
0.0207764
0.0207734
0.0207705
0.0207676
0.0207647
0.0207619
0.020759
0.0207561
0.0207533
0.0207504
0.0207476
0.0207448
0.020742
0.0207392
0.0207364
0.0207336
0.0207308
0.020728
0.0207252
0.0207225
0.0207197
0.020717
0.0207143
0.0207115
0.0207088
0.0207061
0.0207034
0.0207007
0.0206981
0.0206954
0.0206927
0.0206901
0.0206874
0.0206848
0.0206821
0.0206795
0.0206769
0.0206743
0.0206717
0.0206691
0.0206665
0.0206639
0.0206614
0.0206588
0.0206563
0.0206537
0.0206512
0.0206487
0.0206461
0.0206436
0.0206411
0.0206386
0.0206361
0.0206336
0.0206312
0.0206287
0.0206262
0.0206238
0.0206213
0.0206189
0.0206165
0.020614
0.0206116
0.0206092
0.0206068
0.0206044
0.020602
0.0205997
0.0205973
0.0205949
0.0205926
0.0205902
0.0205879
0.0205855
0.0205832
0.0205809
0.0205786
0.0205763
0.020574
0.0205717
0.0205694
0.0205671
0.0205648
0.0205626
0.0205603
0.0205581
0.0205558
0.0205536
0.0205514
0.0205491
0.0205469
0.0205447
0.0205425
0.0205403
0.0205381
0.0205359
0.0205337
0.0205316
0.0205294
0.0205273
0.0205251
0.020523
0.0205208
0.0205187
0.0205166
0.0205145
0.0205124
0.0205102
0.0205082
0.0205061
0.020504
0.0205019
0.0204998
0.0204978
0.0204957
0.0204937
0.0204916
0.0204896
0.0204875
0.0204855
0.0204835
0.0204815
0.0204795
0.0204775
0.0204755
0.0204735
0.0204715
0.0204695
0.0204676
0.0204656
0.0204636
0.0204617
0.0204597
0.0204578
0.0204559
0.020454
0.020452
0.0204501
0.0204482
0.0204463
0.0204444
0.0204425
0.0204406
0.0204388
0.0204369
0.020435
0.0204332
0.0204313
0.0204295
0.0204276
0.0204258
0.020424
0.0204221
0.0204203
0.0204185
0.0204167
0.0204149
0.0204131
0.0204113
0.0204095
0.0204078
0.020406
0.0204042
0.0204025
0.0204007
0.020399
0.0203972
0.0203955
0.0203938
0.020392
0.0203903
0.0203886
0.0203869
0.0203852
0.0203835
0.0203818
0.0203801
0.0203784
0.0203768
0.0203751
0.0203734
0.0203718
0.0203701
0.0203685
0.0203668
0.0203652
0.0203636
0.020362
0.0203603
0.0203587
0.0203571
0.0203555
0.0203539
0.0203523
0.0203507
0.0203492
0.0203476
0.020346
0.0203444
0.0203429
0.0203413
0.0203398
0.0203382
0.0203367
0.0203352
0.0203336
0.0203321
0.0203306
0.0203291
0.0203276
0.0203261
0.0203246
0.0203231
0.0203216
0.0203201
0.0203186
0.0203171
0.0203157
0.0203142
0.0203127
0.0203113
0.0203098
0.0203084
0.020307
0.0203055
0.0203041
0.0203027
0.0203013
0.0202998
0.0202984
0.020297
0.0202956
0.0202942
0.0202929
0.0202915
0.0202901
0.0202887
0.0202873
0.020286
0.0202846
0.0202833
0.0202819
0.0202806
0.0202792
0.0202779
0.0202766
0.0202752
0.0202739
0.0202726
0.0202713
0.02027
0.0202687
0.0202674
0.0202661
0.0202648
0.0202635
0.0202622
0.0202609
0.0202597
0.0202584
0.0202571
0.0202559
0.0202546
0.0202534
0.0202521
0.0202509
0.0202496
0.0202484
0.0202472
0.020246
0.0202447
0.0202435
0.0202423
0.0202411
0.0202399
0.0202387
0.0202375
0.0202363
0.0202351
0.020234
0.0202328
0.0202316
0.0202304
0.0202293
0.0202281
0.020227
0.0202258
0.0202247
0.0202235
0.0202224
0.0202213
0.0202201
0.020219
0.0202179
0.0202168
0.0202157
0.0202146
0.0202135
0.0202124
0.0202113
0.0202102
0.0202091
0.020208
0.0202069
0.0202058
0.0202048
0.0202037
0.0202026
0.0202016
0.0202005
0.0201995
0.0201984
0.0201974
0.0201963
0.0201953
0.0201943
0.0201933
0.0201922
0.0201912
0.0201902
0.0201892
0.0201882
0.0201872
0.0201862
0.0201852
0.0201842
0.0201832
0.0201822
0.0201812
0.0201803
0.0201793
0.0201783
0.0201773
0.0201764
0.0201754
0.0201745
0.0201735
0.0201726
0.0201716
0.0201707
0.0201698
0.0201688
0.0201679
0.020167
0.0201661
0.0201651
0.0201642
0.0201633
0.0201624
0.0201615
0.0201606
0.0201597
0.0201588
0.0201579
0.0201571
0.0201562
0.0201553
0.0201544
0.0201536
0.0201527
0.0201518
0.020151
0.0201501
0.0201493
0.0201484
0.0201476
0.0201467
0.0201459
0.0201451
0.0201442
0.0201434
0.0201426
0.0201418
0.020141
0.0201401
0.0201393
0.0201385
0.0201377
0.0201369
0.0201361
0.0201353
0.0201345
0.0201338
0.020133
0.0201322
0.0201314
0.0201307
0.0201299
0.0201291
0.0201284
0.0201276
0.0201269
0.0201261
0.0201254
0.0201246
0.0201239
0.0201231
0.0201224
0.0201217
0.0201209
0.0201202
0.0201195
0.0201188
0.0201181
0.0201173
0.0201166
0.0201159
0.0201152
0.0201145
0.0201138
0.0201131
0.0201124
0.0201118
0.0201111
0.0201104
0.0201097
0.020109
0.0201084
0.0201077
0.020107
0.0201064
0.0201057
0.0201051
0.0201044
0.0201038
0.0201031
0.0201025
0.0201018
0.0201012
0.0201006
0.0200999
0.0200993
0.0200987
0.0200981
0.0200975
0.0200968
0.0200962
0.0200956
0.020095
0.0200944
0.0200938
0.0200932
0.0200926
0.020092
0.0200914
0.0200909
0.0200903
0.0200897
0.0200891
0.0200885
0.020088
0.0200874
0.0200868
0.0200863
0.0200857
0.0200852
0.0200846
0.0200841
0.0200835
0.020083
0.0200824
0.0200819
0.0200814
0.0200808
0.0200803
0.0200798
0.0200792
0.0200787
0.0200782
0.0200777
0.0200772
0.0200767
0.0200762
0.0200757
0.0200751
0.0200746
0.0200742
0.0200737
0.0200732
0.0200727
0.0200722
0.0200717
0.0200712
0.0200708
0.0200703
0.0200698
0.0200693
0.0200689
0.0200684
0.0200679
0.0200675
0.020067
0.0200666
0.0200661
0.0200657
0.0200652
0.0200648
0.0200643
0.0200639
0.0200635
0.020063
0.0200626
0.0200622
0.0200618
0.0200613
0.0200609
0.0200605
0.0200601
0.0200597
0.0200593
0.0200589
0.0200584
0.020058
0.0200576
0.0200572
0.0200569
0.0200565
0.0200561
0.0200557
0.0200553
0.0200549
0.0200545
0.0200542
0.0200538
0.0200534
0.020053
0.0200527
0.0200523
0.0200519
0.0200516
0.0200512
0.0200509
