0.036737
0.0361172
0.0372862
0.0382987
0.0390283
0.0395006
0.0397809
0.0399229
0.0399625
0.0399225
0.0398178
0.0396597
0.0394584
0.0392246
0.0389698
0.0387049
0.0384382
0.0381741
0.0379127
0.0376503
0.0373819
0.0371013
0.0368035
0.036484
0.0361396
0.0357686
0.0353701
0.0349448
0.0344946
0.0340222
0.0335314
0.0330262
0.0325108
0.0319896
0.0314663
0.0309446
0.0304276
0.0299182
0.0294192
0.0289332
0.0284625
0.0280093
0.0275755
0.0271626
0.0267719
0.0264041
0.0260594
0.0257379
0.0254391
0.0251623
0.0249065
0.0246705
0.0244532
0.0242531
0.0240691
0.0238998
0.0237439
0.0236003
0.023468
0.0233458
0.0232328
0.0231283
0.0230314
0.0229413
0.0228576
0.0227795
0.0227066
0.0226385
0.0225746
0.0225146
0.0224582
0.0224051
0.0223548
0.0223073
0.0222622
0.0222194
0.0221785
0.0221395
0.0221022
0.0220664
0.022032
0.0219988
0.0219666
0.0219355
0.0219052
0.0218756
0.0218467
0.0218184
0.0217905
0.0217631
0.0217359
0.0217089
0.0216822
0.0216555
0.0216289
0.0216022
0.0215755
0.0215487
0.0215217
0.0214945
0.021467
0.0214393
0.0214113
0.021383
0.0213543
0.0213252
0.0212958
0.021266
0.0212357
0.021205
0.0211739
0.0211424
0.0211104
0.0210781
0.0210452
0.021012
0.0209784
0.0209443
0.0209099
0.0208751
0.0208399
0.0208044
0.0207686
0.0207325
0.0206962
0.0206596
0.0206228
0.0205859
0.0205488
0.0205116
0.0204744
0.0204371
0.0203998
0.0203626
0.0203255
0.0202884
0.0202516
0.0202149
0.0201785
0.0201423
0.0201065
0.0200709
0.0200357
0.0200009
0.0199665
0.0199326
0.0198991
0.0198661
0.0198336
0.0198017
0.0197702
0.0197393
0.019709
0.0196793
0.0196501
0.0196215
0.0195936
0.0195662
0.0195394
0.0195132
0.0194876
0.0194627
0.0194383
0.0194145
0.0193913
0.0193686
0.0193465
0.019325
0.0193041
0.0192837
0.0192638
0.0192444
0.0192256
0.0192072
0.0191894
0.019172
0.0191551
0.0191386
0.0191226
0.0191069
0.0190917
0.0190769
0.0190625
0.0190485
0.0190348
0.0190215
0.0190085
0.0189958
0.0189834
0.0189713
0.0189595
0.018948
0.0189368
0.0189258
0.018915
0.0189045
0.0188942
0.0188841
0.0188743
0.0188646
0.018855
0.0188457
0.0188365
0.0188275
0.0188187
0.0188099
0.0188013
0.0187929
0.0187845
0.0187763
0.0187682
0.0187601
0.0187522
0.0187443
0.0187366
0.0187289
0.0187213
0.0187137
0.0187062
0.0186988
0.0186914
0.0186841
0.0186769
0.0186696
0.0186624
0.0186553
0.0186482
0.0186411
0.018634
0.018627
0.01862
0.018613
0.018606
0.0185991
0.0185921
0.0185852
0.0185783
0.0185714
0.0185645
0.0185576
0.0185507
0.0185438
0.0185369
0.01853
0.0185232
0.0185163
0.0185094
0.0185025
0.0184956
0.0184887
0.0184818
0.0184749
0.018468
0.0184611
0.0184542
0.0184472
0.0184403
0.0184333
0.0184264
0.0184194
0.0184124
0.0184054
0.0183984
0.0183914
0.0183844
0.0183773
0.0183703
0.0183632
0.0183562
0.0183491
0.018342
0.0183349
0.0183277
0.0183206
0.0183134
0.0183063
0.0182991
0.0182919
0.0182847
0.0182775
0.0182703
0.018263
0.0182558
0.0182485
0.0182412
0.0182339
0.0182266
0.0182192
0.0182119
0.0182045
0.0181972
0.0181898
0.0181824
0.018175
0.0181676
0.0181601
0.0181527
0.0181452
0.0181377
0.0181302
0.0181227
0.0181152
0.0181077
0.0181001
0.0180926
0.018085
0.0180774
0.0180698
0.0180622
0.0180546
0.018047
0.0180393
0.0180317
0.018024
0.0180163
0.0180086
0.0180009
0.0179932
0.0179855
0.0179777
0.01797
0.0179622
0.0179544
0.0179466
0.0179389
0.017931
0.0179232
0.0179154
0.0179076
0.0178997
0.0178919
0.017884
0.0178761
0.0178682
0.0178603
0.0178524
0.0178445
0.0178366
0.0178287
0.0178207
0.0178128
0.0178048
0.0177969
0.0177889
0.0177809
0.0177729
0.0177649
0.0177569
0.0177489
0.0177409
0.0177329
0.0177248
0.0177168
0.0177087
0.0177007
0.0176926
0.0176846
0.0176765
0.0176684
0.0176603
0.0176523
0.0176442
0.0176361
0.017628
0.0176199
0.0176117
0.0176036
0.0175955
0.0175874
0.0175793
0.0175711
0.017563
0.0175548
0.0175467
0.0175385
0.0175304
0.0175222
0.0175141
0.0175059
0.0174977
0.0174896
0.0174814
0.0174732
0.0174651
0.0174569
0.0174487
0.0174405
0.0174323
0.0174242
0.017416
0.0174078
0.0173996
0.0173914
0.0173832
0.017375
0.0173668
0.0173586
0.0173504
0.0173422
0.017334
0.0173258
0.0173176
0.0173094
0.0173013
0.0172931
0.0172849
0.0172767
0.0172685
0.0172603
0.0172521
0.0172439
0.0172357
0.0172275
0.0172193
0.0172111
0.0172029
0.0171947
0.0171866
0.0171784
0.0171702
0.017162
0.0171538
0.0171457
0.0171375
0.0171293
0.0171211
0.017113
0.0171048
0.0170966
0.0170885
0.0170803
0.0170722
0.017064
0.0170559
0.0170477
0.0170396
0.0170314
0.0170233
0.0170152
0.017007
0.0169989
0.0169908
0.0169826
0.0169745
0.0169664
0.0169583
0.0169502
0.0169421
0.016934
0.0169259
0.0169178
0.0169097
0.0169016
0.0168936
0.0168855
0.0168774
0.0168694
0.0168613
0.0168533
0.0168452
0.0168372
0.0168291
0.0168211
0.0168131
0.016805
0.016797
0.016789
0.016781
0.016773
0.016765
0.016757
0.016749
0.016741
0.0167331
0.0167251
0.0167171
0.0167092
0.0167012
0.0166933
0.0166854
0.0166774
0.0166695
0.0166616
0.0166537
0.0166458
0.0166379
0.01663
0.0166221
0.0166142
0.0166064
0.0165985
0.0165906
0.0165828
0.016575
0.0165671
0.0165593
0.0165515
0.0165437
0.0165359
0.0165281
0.0165203
0.0165125
0.0165047
0.016497
0.0164892
0.0164815
0.0164738
0.016466
0.0164583
0.0164506
0.0164429
0.0164352
0.0164275
0.0164199
0.0164122
0.0164045
0.0163969
0.0163893
0.0163816
0.016374
0.0163664
0.0163588
0.0163512
0.0163437
0.0163361
0.0163285
0.016321
0.0163135
0.0163059
0.0162984
0.0162909
0.0162834
0.0162759
0.0162685
0.016261
0.0162536
0.0162461
0.0162387
0.0162313
0.0162239
0.0162165
0.0162091
0.0162018
0.0161944
0.0161871
0.0161797
0.0161724
0.0161651
0.0161578
0.0161505
0.0161433
0.016136
0.0161288
0.0161215
0.0161143
0.0161071
0.0160999
0.0160927
0.0160856
0.0160784
0.0160713
0.0160641
0.016057
0.0160499
0.0160428
0.0160358
0.0160287
0.0160217
0.0160146
0.0160076
0.0160006
0.0159936
0.0159867
0.0159797
0.0159728
0.0159658
0.0159589
0.015952
0.0159451
0.0159382
0.0159314
0.0159245
0.0159177
0.0159109
0.0159041
0.0158973
0.0158905
0.0158838
0.015877
0.0158703
0.0158636
0.0158569
0.0158502
0.0158436
0.0158369
0.0158303
0.0158236
0.015817
0.0158105
0.0158039
0.0157973
0.0157908
0.0157842
0.0157777
0.0157712
0.0157647
0.0157583
0.0157518
0.0157454
0.015739
0.0157326
0.0157262
0.0157198
0.0157134
0.0157071
0.0157008
0.0156945
0.0156882
0.0156819
0.0156756
0.0156694
0.0156631
0.0156569
0.0156507
0.0156445
0.0156384
0.0156322
0.0156261
0.0156199
0.0156138
0.0156077
0.0156016
0.0155956
0.0155895
0.0155835
0.0155775
0.0155715
0.0155655
0.0155595
0.0155536
0.0155476
0.0155417
0.0155358
0.0155299
0.015524
0.0155182
0.0155123
0.0155065
0.0155007
0.0154949
0.0154891
0.0154833
0.0154775
0.0154718
0.0154661
0.0154604
0.0154547
0.015449
0.0154433
0.0154377
0.015432
0.0154264
0.0154208
0.0154152
0.0154096
0.0154041
0.0153985
0.015393
0.0153875
0.015382
0.0153765
0.015371
0.0153655
0.0153601
0.0153547
0.0153493
0.0153439
0.0153385
0.0153331
0.0153277
0.0153224
0.0153171
0.0153118
0.0153065
0.0153012
0.0152959
0.0152906
0.0152854
0.0152802
0.015275
0.0152698
0.0152646
0.0152594
0.0152542
0.0152491
0.015244
0.0152388
0.0152337
0.0152287
0.0152236
0.0152185
0.0152135
0.0152084
0.0152034
0.0151984
0.0151934
0.0151884
0.0151835
0.0151785
0.0151736
0.0151687
0.0151637
0.0151588
0.015154
0.0151491
0.0151442
0.0151394
0.0151346
0.0151297
0.0151249
0.0151202
0.0151154
0.0151106
0.0151059
0.0151011
0.0150964
0.0150917
0.015087
0.0150823
0.0150776
0.015073
0.0150683
0.0150637
0.0150591
0.0150545
0.0150499
0.0150453
0.0150407
0.0150362
0.0150316
0.0150271
0.0150226
0.0150181
0.0150136
0.0150091
0.0150046
0.0150002
0.0149957
0.0149913
0.0149869
0.0149825
0.0149781
0.0149737
0.0149693
0.014965
0.0149606
0.0149563
0.014952
0.0149477
0.0149434
0.0149391
0.0149348
0.0149305
0.0149263
0.0149221
0.0149178
0.0149136
0.0149094
0.0149052
0.0149011
0.0148969
0.0148928
0.0148886
0.0148845
0.0148804
0.0148763
0.0148722
0.0148681
0.014864
0.01486
0.0148559
0.0148519
0.0148479
0.0148439
0.0148399
0.0148359
0.0148319
0.014828
0.014824
0.0148201
0.0148161
0.0148122
0.0148083
0.0148044
0.0148005
0.0147967
0.0147928
0.0147889
0.0147851
0.0147813
