0.219313
0.218087
0.218155
0.218228
0.218307
0.218389
0.218474
0.218562
0.21865
0.218737
0.218823
0.218905
0.218985
0.219065
0.219145
0.219231
0.219325
0.219428
0.219543
0.219669
0.219802
0.219941
0.220082
0.220221
0.220355
0.220484
0.220606
0.22072
0.220825
0.220923
0.221013
0.221097
0.221174
0.221244
0.22131
0.22137
0.221425
0.221477
0.221524
0.221568
0.221608
0.221645
0.221679
0.221711
0.22174
0.221767
0.221791
0.221814
0.221835
0.221853
0.22187
0.221886
0.221899
0.221911
0.221921
0.221929
0.221936
0.221942
0.221946
0.221949
0.22195
0.22195
0.221949
0.221946
0.221943
0.221938
0.221932
0.221925
0.221918
0.221909
0.2219
0.221889
0.221878
0.221867
0.221854
0.221841
0.221828
0.221814
0.221799
0.221784
0.221768
0.221753
0.221736
0.22172
0.221703
0.221685
0.221668
0.22165
0.221631
0.221613
0.221594
0.221575
0.221556
0.221536
0.221516
0.221496
0.221476
0.221455
0.221433
0.221412
0.221389
0.221367
0.221343
0.221319
0.221295
0.22127
0.221243
0.221216
0.221189
0.221159
0.221129
0.221098
0.221065
0.22103
0.220994
0.220956
0.220916
0.220874
0.22083
0.220783
0.220733
0.220681
0.220627
0.220569
0.220509
0.220446
0.220381
0.220314
0.220244
0.220174
0.220102
0.22003
0.219958
0.219886
0.219816
0.219748
0.219683
0.21962
0.21956
0.219504
0.219452
0.219403
0.219359
0.219318
0.219281
0.219247
0.219216
0.219189
0.219165
0.219144
0.219125
0.219108
0.219094
0.219081
0.21907
0.21906
0.219052
0.219045
0.219039
0.219035
0.21903
0.219027
0.219024
0.219022
0.21902
0.219019
0.219018
0.219018
0.219017
0.219017
0.219017
0.219017
0.219018
0.219018
0.219019
0.219019
0.21902
0.219021
0.219021
0.219022
0.219023
0.219024
0.219024
0.219025
0.219026
0.219026
0.219027
0.219027
0.219028
0.219028
0.219029
0.219029
0.219029
0.21903
0.21903
0.21903
0.21903
0.21903
0.21903
0.21903
0.21903
0.21903
0.219029
0.219029
0.219029
0.219028
0.219028
0.219027
0.219026
0.219026
0.219025
0.219024
0.219023
0.219022
0.219021
0.219019
0.219018
0.219017
0.219015
0.219014
0.219012
0.21901
0.219009
0.219007
0.219005
0.219003
0.219001
0.218998
0.218996
0.218994
0.218991
0.218988
0.218986
0.218983
0.21898
0.218977
0.218974
0.218971
0.218967
0.218964
0.21896
0.218957
0.218953
0.218949
0.218945
0.218941
0.218937
0.218933
0.218928
0.218924
0.218919
0.218914
0.218909
0.218904
0.218899
0.218894
0.218888
0.218883
0.218877
0.218871
0.218865
0.218859
0.218853
0.218847
0.21884
0.218834
0.218827
0.21882
0.218813
0.218806
0.218799
0.218791
0.218784
0.218776
0.218768
0.21876
0.218752
0.218744
0.218736
0.218727
0.218719
0.21871
0.218701
0.218692
0.218683
0.218674
0.218665
0.218655
0.218646
0.218636
0.218626
0.218616
0.218606
0.218596
0.218586
0.218576
0.218565
0.218555
0.218544
0.218534
0.218523
0.218512
0.218501
0.21849
0.218479
0.218468
0.218457
0.218445
0.218434
0.218422
0.218411
0.218399
0.218388
0.218376
0.218364
0.218352
0.21834
0.218329
0.218317
0.218305
0.218293
0.21828
0.218268
0.218256
0.218244
0.218232
0.21822
0.218207
0.218195
0.218183
0.218171
0.218158
0.218146
0.218134
0.218121
0.218109
0.218097
0.218085
0.218072
0.21806
0.218048
0.218035
0.218023
0.218011
0.217999
0.217986
0.217974
0.217962
0.21795
0.217938
0.217926
0.217913
0.217901
0.217889
0.217877
0.217865
0.217854
0.217842
0.21783
0.217818
0.217806
0.217795
0.217783
0.217771
0.21776
0.217748
0.217737
0.217725
0.217714
0.217702
0.217691
0.21768
0.217669
0.217657
0.217646
0.217635
0.217624
0.217613
0.217602
0.217592
0.217581
0.21757
0.217559
0.217549
0.217538
0.217527
0.217517
0.217506
0.217496
0.217486
0.217475
0.217465
0.217455
0.217445
0.217435
0.217425
0.217415
0.217405
0.217395
0.217385
0.217375
0.217366
0.217356
0.217346
0.217337
0.217327
0.217318
0.217308
0.217299
0.21729
0.217281
0.217271
0.217262
0.217253
0.217244
0.217235
0.217226
0.217217
0.217208
0.217199
0.21719
0.217182
0.217173
0.217164
0.217156
0.217147
0.217139
0.21713
0.217122
0.217113
0.217105
0.217097
0.217088
0.21708
0.217072
0.217064
0.217056
0.217048
0.21704
0.217032
0.217024
0.217016
0.217008
0.217
0.216993
0.216985
0.216977
0.21697
0.216962
0.216954
0.216947
0.216939
0.216932
0.216925
0.216917
0.21691
0.216903
0.216895
0.216888
0.216881
0.216874
0.216867
0.21686
0.216852
0.216845
0.216838
0.216832
0.216825
0.216818
0.216811
0.216804
0.216797
0.216791
0.216784
0.216777
0.216771
0.216764
0.216757
0.216751
0.216744
0.216738
0.216731
0.216725
0.216718
0.216712
0.216706
0.216699
0.216693
0.216687
0.216681
0.216675
0.216668
0.216662
0.216656
0.21665
0.216644
0.216638
0.216632
0.216626
0.21662
0.216614
0.216608
0.216602
0.216597
0.216591
0.216585
0.216579
0.216574
0.216568
0.216562
0.216557
0.216551
0.216545
0.21654
0.216534
0.216529
0.216523
0.216518
0.216512
0.216507
0.216501
0.216496
0.216491
0.216485
0.21648
0.216475
0.21647
0.216464
0.216459
0.216454
0.216449
0.216444
0.216438
0.216433
0.216428
0.216423
0.216418
0.216413
0.216408
0.216403
0.216398
0.216393
0.216388
0.216383
0.216379
0.216374
0.216369
0.216364
0.216359
0.216354
0.21635
0.216345
0.21634
0.216335
0.216331
0.216326
0.216321
0.216317
0.216312
0.216308
0.216303
0.216299
0.216294
0.216289
0.216285
0.21628
0.216276
0.216272
0.216267
0.216263
0.216258
0.216254
0.21625
0.216245
0.216241
0.216237
0.216232
0.216228
0.216224
0.216219
0.216215
0.216211
0.216207
0.216203
0.216198
0.216194
0.21619
0.216186
0.216182
0.216178
0.216174
0.21617
0.216166
0.216162
0.216157
0.216153
0.216149
0.216145
0.216142
0.216138
0.216134
0.21613
0.216126
0.216122
0.216118
0.216114
0.21611
0.216106
0.216103
0.216099
0.216095
0.216091
0.216087
0.216084
0.21608
0.216076
0.216072
0.216069
0.216065
0.216061
0.216058
0.216054
0.21605
0.216047
0.216043
0.216039
0.216036
0.216032
0.216029
0.216025
0.216021
0.216018
0.216014
0.216011
0.216007
0.216004
0.216
0.215997
0.215993
0.21599
0.215986
0.215983
0.21598
0.215976
0.215973
0.215969
0.215966
0.215963
0.215959
0.215956
0.215952
0.215949
0.215946
0.215943
0.215939
0.215936
0.215933
0.215929
0.215926
0.215923
0.21592
0.215916
0.215913
0.21591
0.215907
0.215903
0.2159
0.215897
0.215894
0.215891
0.215888
0.215884
0.215881
0.215878
0.215875
0.215872
0.215869
0.215866
0.215863
0.21586
0.215857
0.215853
0.21585
0.215847
0.215844
0.215841
0.215838
0.215835
0.215832
0.215829
0.215826
0.215823
0.21582
0.215817
0.215814
0.215812
0.215809
0.215806
0.215803
0.2158
0.215797
0.215794
0.215791
0.215788
0.215785
0.215782
0.21578
0.215777
0.215774
0.215771
0.215768
0.215765
0.215763
0.21576
0.215757
0.215754
0.215751
0.215749
0.215746
0.215743
0.21574
0.215738
0.215735
0.215732
0.215729
0.215727
0.215724
0.215721
0.215718
0.215716
0.215713
0.21571
0.215708
0.215705
0.215702
0.2157
0.215697
0.215694
0.215692
0.215689
0.215686
0.215684
0.215681
0.215679
0.215676
0.215673
0.215671
0.215668
0.215666
0.215663
0.21566
0.215658
0.215655
0.215653
0.21565
0.215648
0.215645
0.215643
0.21564
0.215638
0.215635
0.215633
0.21563
0.215628
0.215625
0.215623
0.21562
0.215618
0.215615
0.215613
0.21561
0.215608
0.215605
0.215603
0.2156
0.215598
0.215596
0.215593
0.215591
0.215588
0.215586
0.215583
0.215581
0.215579
0.215576
0.215574
0.215571
0.215569
0.215567
0.215564
0.215562
0.21556
0.215557
0.215555
0.215553
0.21555
0.215548
0.215546
0.215543
0.215541
