0.0146803
0.0149574
0.0157338
0.018459
0.0233061
0.0272101
0.0288383
0.0293318
0.0294637
0.0294733
0.0294077
0.029266
0.0290258
0.0286456
0.0280706
0.0272665
0.0262817
0.025218
0.0241119
0.0229308
0.0216579
0.0204857
0.0204817
0.0233461
0.0265445
0.0273127
0.0271699
0.0276385
0.0288577
0.0297103
0.0300732
0.0302247
0.0302926
0.0303252
0.0303403
0.0303452
0.0303432
0.0303361
0.0303253
0.0303115
0.0302955
0.0302779
0.0302589
0.0302388
0.0302179
0.0301964
0.0301742
0.0301516
0.0301285
0.030105
0.030081
0.0300566
0.0300318
0.0300065
0.0299807
0.0299544
0.0299275
0.0299
0.0298717
0.0298428
0.0298131
0.0297825
0.029751
0.0297186
0.0296851
0.0296505
0.0296147
0.0295777
0.0295393
0.0294995
0.0294583
0.0294155
0.0293711
0.029325
0.0292772
0.0292276
0.0291762
0.029123
0.0290679
0.029011
0.0289523
0.0288919
0.0288299
0.0287664
0.0287016
0.0286358
0.0285693
0.0285022
0.0284351
0.0283684
0.0283024
0.0282377
0.0281748
0.0281142
0.0280563
0.0280016
0.0279504
0.0279031
0.02786
0.0278212
