0.0401693
0.0379635
0.0370159
0.0363364
0.0358347
0.0354588
0.0351734
0.0349537
0.0347819
0.0346456
0.034536
0.0344465
0.0343726
0.0343108
0.0342585
0.0342139
0.0341754
0.034142
0.0341127
0.0340868
0.0340637
0.034043
0.0340243
0.0340072
0.0339916
0.0339773
0.0339639
0.0339515
0.0339398
0.0339288
0.0339184
0.0339085
0.033899
0.0338899
0.0338811
0.0338727
0.0338645
0.0338565
0.0338488
0.0338412
0.0338338
0.0338266
0.0338195
0.0338125
0.0338057
0.0337989
0.0337923
0.0337857
0.0337792
0.0337728
0.0337664
0.0337602
0.0337539
0.0337478
0.0337417
0.0337356
0.0337296
0.0337237
0.0337177
0.0337119
0.033706
0.0337002
0.0336944
0.0336887
0.033683
0.0336773
0.0336717
0.0336661
0.0336605
0.033655
0.0336494
0.033644
0.0336385
0.033633
0.0336276
0.0336222
0.0336168
0.0336115
0.0336061
0.0336008
0.0335955
0.0335903
0.033585
0.0335798
0.0335746
0.0335694
0.0335642
0.0335591
0.0335539
0.0335488
0.0335437
0.0335386
0.0335336
0.0335285
0.0335235
0.0335185
0.0335135
0.0335085
0.0335035
0.0334986
