0.0158384
0.0159799
0.016456
0.0170809
0.017495
0.0176231
0.0175867
0.0174975
0.017409
0.0173382
0.017287
0.0172517
0.0172276
0.0172106
0.0171978
0.0171876
0.0171792
0.0171723
0.0171669
0.017163
0.0171604
0.0171592
0.0171592
0.0171601
0.0171619
0.0171644
0.0171674
0.0171708
0.0171745
0.0171783
0.0171822
0.0171861
0.0171899
0.0171935
0.017197
0.0172002
0.0172032
0.0172058
0.0172082
0.0172102
0.0172118
0.0172131
0.0172141
0.0172147
0.017215
0.0172149
0.0172145
0.0172137
0.0172127
0.0172113
0.0172097
0.0172077
0.0172055
0.0172031
0.0172004
0.0171974
0.0171943
0.0171909
0.0171873
0.0171836
0.0171797
0.0171756
0.0171714
0.017167
0.0171625
0.0171579
0.0171531
0.0171482
0.0171433
0.0171382
0.0171331
0.0171278
0.0171225
0.0171171
0.0171117
0.0171062
0.0171006
0.017095
0.0170894
0.0170837
0.0170779
0.0170722
0.0170663
0.0170605
0.0170546
0.0170488
0.0170429
0.0170369
0.017031
0.017025
0.0170191
0.0170131
0.0170071
0.0170011
0.0169951
0.0169891
0.0169831
0.0169771
0.016971
0.016965
