0.0136678
0.0136591
0.0136448
0.0136347
0.01363
0.013629
0.0136297
0.0136308
0.0136313
0.0136312
0.0136303
0.0136287
0.0136266
0.0136242
0.0136215
0.0136187
0.0136158
0.0136129
0.0136099
0.013607
0.013604
0.0136011
0.0135983
0.0135955
0.0135927
0.01359
0.0135873
0.0135847
0.0135821
0.0135796
0.0135771
0.0135746
0.0135723
0.0135699
0.0135677
0.0135654
0.0135632
0.0135611
0.013559
0.013557
0.013555
0.013553
0.0135511
0.0135492
0.0135474
0.0135456
0.0135439
0.0135421
0.0135405
0.0135388
0.0135372
0.0135357
0.0135341
0.0135326
0.0135311
0.0135297
0.0135283
0.0135269
0.0135255
0.0135242
0.0135229
0.0135217
0.0135204
0.0135192
0.013518
0.0135168
0.0135157
0.0135145
0.0135134
0.0135123
0.0135113
0.0135102
0.0135092
0.0135082
0.0135072
0.0135062
0.0135052
0.0135043
0.0135034
0.0135025
0.0135016
0.0135007
0.0134998
0.013499
0.0134982
0.0134973
0.0134965
0.0134957
0.0134949
0.0134942
0.0134934
0.0134927
0.0134919
0.0134912
0.0134905
0.0134898
0.0134891
0.0134884
0.0134877
0.013487
