0.0183072
0.0181804
0.0181245
0.0181035
0.0180903
0.0180718
0.0180459
0.018015
0.0179816
0.0179475
0.0179138
0.0178813
0.0178501
0.0178206
0.0177926
0.017766
0.0177408
0.0177167
0.0176938
0.017672
0.0176511
0.0176311
0.0176121
0.0175939
0.0175765
0.01756
0.0175442
0.0175291
0.0175147
0.017501
0.0174879
0.0174754
0.0174635
0.0174522
0.0174413
0.017431
0.0174211
0.0174117
0.0174028
0.0173942
0.0173861
0.0173784
0.017371
0.0173639
0.0173572
0.0173509
0.0173448
0.017339
0.0173336
0.0173283
0.0173234
0.0173187
0.0173142
0.01731
0.017306
0.0173022
0.0172986
0.0172952
0.017292
0.017289
0.0172861
0.0172834
0.0172809
0.0172785
0.0172763
0.0172742
0.0172722
0.0172704
0.0172687
0.0172671
0.0172657
0.0172643
0.0172631
0.0172619
0.0172609
0.01726
0.0172591
0.0172583
0.0172577
0.0172571
0.0172565
0.0172561
0.0172557
0.0172554
0.0172552
0.017255
0.0172549
0.0172548
0.0172548
0.0172549
0.017255
0.0172551
0.0172553
0.0172556
0.0172559
0.0172562
0.0172566
0.017257
0.0172574
0.0172579
