0.0219759
0.0212775
0.0210786
0.0209883
0.0209295
0.0208846
0.0208489
0.0208202
0.0207969
0.0207778
0.0207619
0.0207485
0.0207369
0.0207268
0.0207179
0.02071
0.020703
0.0206968
0.0206912
0.0206862
0.0206817
0.0206776
0.0206739
0.0206706
0.0206676
0.0206648
0.0206624
0.0206601
0.0206581
0.0206562
0.0206546
0.020653
0.0206516
0.0206504
0.0206492
0.0206482
0.0206473
0.0206464
0.0206457
0.020645
0.0206443
0.0206437
0.0206432
0.0206428
0.0206424
0.020642
0.0206416
0.0206413
0.0206411
0.0206408
0.0206406
0.0206404
0.0206402
0.0206401
0.02064
0.0206399
0.0206398
0.0206397
0.0206396
0.0206395
0.0206395
0.0206394
0.0206394
0.0206394
0.0206393
0.0206393
0.0206393
0.0206393
0.0206393
0.0206393
0.0206393
0.0206393
0.0206392
0.0206392
0.0206392
0.0206392
0.0206392
0.0206392
0.0206392
0.0206392
0.0206392
0.0206392
0.0206392
0.0206391
0.0206391
0.0206391
0.0206391
0.020639
0.020639
0.020639
0.0206389
0.0206389
0.0206388
0.0206388
0.0206387
0.0206387
0.0206386
0.0206386
0.0206385
0.0206384
