0.0152981
0.0161528
0.0188512
0.0243333
0.0276548
0.0282948
0.028661
0.0290487
0.0294533
0.0298661
0.030276
0.0306688
0.031029
0.0313442
0.0316089
0.0318254
0.0320002
0.0321412
0.0322554
0.0323485
0.0324247
0.0324874
0.032539
0.0325815
0.0326164
0.0326448
0.0326677
0.0326858
0.0326999
0.0327102
0.0327173
0.0327214
0.0327228
0.0327218
0.0327185
0.032713
0.0327054
0.0326959
0.0326845
0.0326713
0.0326563
0.0326394
0.0326208
0.0326005
0.0325784
0.0325545
0.0325288
0.0325013
0.032472
0.032441
0.032408
0.0323733
0.0323367
0.0322984
0.0322582
0.0322164
0.032173
0.0321281
0.0320819
0.0320344
0.031986
0.0319369
0.0318874
0.0318377
0.0317883
0.0317395
0.0316916
0.0316451
0.0316004
0.0315577
0.0315174
0.0314798
0.0314451
0.0314133
0.0313847
0.0313593
0.0313371
0.031318
0.0313019
0.0312888
0.0312785
0.0312708
0.0312657
0.0312629
0.0312623
0.0312637
0.0312671
0.0312722
0.031279
0.0312872
0.031297
0.031308
0.0313203
0.0313337
0.0313481
0.0313636
0.0313799
0.0313971
0.0314151
0.0314338
