0.017323
0.0173356
0.01734
0.0173424
0.0173444
0.0173463
0.0173481
0.0173498
0.0173513
0.0173525
0.0173535
0.0173544
0.0173552
0.0173558
0.0173564
0.0173568
0.0173572
0.0173576
0.0173579
0.0173581
0.0173583
0.0173585
0.0173587
0.0173588
0.0173589
0.0173589
0.017359
0.017359
0.017359
0.017359
0.017359
0.017359
0.0173589
0.0173589
0.0173588
0.0173587
0.0173586
0.0173585
0.0173584
0.0173582
0.0173581
0.0173579
0.0173578
0.0173576
0.0173574
0.0173572
0.017357
0.0173568
0.0173566
0.0173563
0.0173561
0.0173558
0.0173556
0.0173553
0.017355
0.0173547
0.0173544
0.0173541
0.0173538
0.0173535
0.0173531
0.0173528
0.0173525
0.0173521
0.0173517
0.0173514
0.017351
0.0173506
0.0173502
0.0173498
0.0173494
0.017349
0.0173485
0.0173481
0.0173477
0.0173472
0.0173468
0.0173463
0.0173458
0.0173454
0.0173449
0.0173444
0.0173439
0.0173434
0.0173429
0.0173424
0.0173419
0.0173414
0.0173408
0.0173403
0.0173398
0.0173392
0.0173387
0.0173381
0.0173375
0.017337
0.0173364
0.0173358
0.0173352
0.0173347
