0.0239238
0.0202866
0.0184159
0.0175177
0.0171234
0.0169721
0.0169278
0.0169239
0.0169311
0.0169379
0.0169408
0.0169392
0.0169338
0.0169254
0.0169146
0.0169021
0.0168885
0.0168742
0.0168594
0.0168444
0.0168292
0.0168141
0.0167991
0.0167842
0.0167694
0.0167549
0.0167405
0.0167264
0.0167124
0.0166987
0.0166851
0.0166718
0.0166587
0.0166458
0.0166331
0.0166206
0.0166083
0.0165963
0.0165844
0.0165727
0.0165613
0.01655
0.0165389
0.016528
0.0165173
0.0165068
0.0164965
0.0164864
0.0164764
0.0164667
0.0164571
0.0164476
0.0164384
0.0164293
0.0164204
0.0164117
0.0164031
0.0163947
0.0163864
0.0163783
0.0163703
0.0163625
0.0163548
0.0163473
0.01634
0.0163327
0.0163256
0.0163186
0.0163118
0.0163051
0.0162985
0.0162921
0.0162857
0.0162795
0.0162734
0.0162674
0.0162616
0.0162558
0.0162502
0.0162446
0.0162392
0.0162338
0.0162286
0.0162234
0.0162184
0.0162134
0.0162086
0.0162038
0.0161991
0.0161945
0.01619
0.0161855
0.0161812
0.0161769
0.0161727
0.0161685
0.0161645
0.0161605
0.0161566
0.0161527
