0.0170617
0.0170501
0.0170444
0.0170402
0.0170365
0.0170327
0.0170287
0.0170243
0.0170196
0.0170148
0.0170099
0.0170049
0.0169999
0.016995
0.0169901
0.0169853
0.0169806
0.016976
0.0169715
0.0169671
0.0169628
0.0169586
0.0169545
0.0169504
0.0169465
0.0169427
0.016939
0.0169354
0.0169318
0.0169284
0.016925
0.0169217
0.0169185
0.0169154
0.0169124
0.0169094
0.0169065
0.0169036
0.0169009
0.0168982
0.0168955
0.016893
0.0168905
0.016888
0.0168856
0.0168833
0.016881
0.0168787
0.0168765
0.0168744
0.0168723
0.0168702
0.0168682
0.0168663
0.0168643
0.0168624
0.0168606
0.0168588
0.016857
0.0168553
0.0168536
0.0168519
0.0168503
0.0168486
0.0168471
0.0168455
0.016844
0.0168425
0.016841
0.0168396
0.0168382
0.0168368
0.0168354
0.0168341
0.0168328
0.0168315
0.0168302
0.016829
0.0168277
0.0168265
0.0168253
0.0168241
0.016823
0.0168218
0.0168207
0.0168196
0.0168185
0.0168174
0.0168163
0.0168153
0.0168143
0.0168132
0.0168122
0.0168112
0.0168102
0.0168093
0.0168083
0.0168074
0.0168064
0.0168055
