0.0325802
0.0326536
0.0326748
0.0326904
0.0327017
0.0327098
0.0327151
0.0327183
0.0327198
0.0327198
0.0327187
0.0327168
0.0327141
0.0327109
0.0327072
0.0327032
0.0326988
0.0326943
0.0326895
0.0326846
0.0326796
0.0326745
0.0326693
0.032664
0.0326587
0.0326534
0.032648
0.0326426
0.0326372
0.0326317
0.0326263
0.0326209
0.0326154
0.03261
0.0326045
0.0325991
0.0325936
0.0325882
0.0325827
0.0325773
0.0325719
0.0325665
0.0325611
0.0325557
0.0325503
0.0325449
0.0325395
0.0325341
0.0325288
0.0325234
0.0325181
0.0325127
0.0325074
0.0325021
0.0324968
0.0324915
0.0324862
0.0324809
0.0324756
0.0324704
0.0324651
0.0324599
0.0324546
0.0324494
0.0324441
0.0324389
0.0324337
0.0324285
0.0324233
0.0324181
0.0324129
0.0324077
0.0324025
0.0323973
0.0323922
0.032387
0.0323819
0.0323767
0.0323716
0.0323664
0.0323613
0.0323561
0.032351
0.0323459
0.0323408
0.0323357
0.0323306
0.0323255
0.0323204
0.0323153
0.0323102
0.0323051
0.0323
0.0322949
0.0322898
0.0322848
0.0322797
0.0322746
0.0322696
0.0322645
