0.0244441
0.0222512
0.0218264
0.0216562
0.0215463
0.021463
0.0213963
0.0213418
0.0212969
0.0212593
0.0212276
0.0212003
0.0211766
0.0211555
0.0211366
0.0211194
0.0211035
0.0210888
0.0210751
0.0210622
0.0210499
0.0210383
0.0210272
0.0210166
0.0210065
0.0209967
0.0209873
0.0209783
0.0209696
0.0209611
0.020953
0.0209451
0.0209375
0.0209301
0.0209229
0.020916
0.0209093
0.0209027
0.0208964
0.0208903
0.0208843
0.0208785
0.0208729
0.0208674
0.0208622
0.020857
0.020852
0.0208472
0.0208425
0.0208379
0.0208335
0.0208292
0.020825
0.0208209
0.020817
0.0208131
0.0208094
0.0208058
0.0208023
0.0207989
0.0207956
0.0207923
0.0207892
0.0207862
0.0207832
0.0207804
0.0207776
0.0207749
0.0207723
0.0207697
0.0207673
0.0207649
0.0207625
0.0207602
0.020758
0.0207559
0.0207538
0.0207518
0.0207498
0.0207479
0.0207461
0.0207443
0.0207425
0.0207408
0.0207392
0.0207375
0.020736
0.0207344
0.020733
0.0207315
0.0207301
0.0207288
0.0207274
0.0207261
0.0207249
0.0207236
0.0207225
0.0207213
0.0207202
0.0207191
