0.0193247
0.0193452
0.0193481
0.0193427
0.019334
0.019324
0.0193135
0.0193029
0.0192923
0.0192818
0.0192713
0.0192608
0.0192504
0.0192401
0.0192298
0.0192195
0.0192093
0.0191991
0.0191891
0.019179
0.0191691
0.0191592
0.0191494
0.0191397
0.0191301
0.0191206
0.0191112
0.0191018
0.0190926
0.0190834
0.0190744
0.0190654
0.0190566
0.0190478
0.0190391
0.0190306
0.0190221
0.0190138
0.0190055
0.0189973
0.0189893
0.0189813
0.0189734
0.0189657
0.018958
0.0189504
0.0189429
0.0189355
0.0189282
0.018921
0.0189138
0.0189068
0.0188999
0.018893
0.0188862
0.0188795
0.0188729
0.0188664
0.01886
0.0188536
0.0188474
0.0188412
0.0188351
0.018829
0.0188231
0.0188172
0.0188114
0.0188057
0.0188
0.0187944
0.0187889
0.0187835
0.0187781
0.0187728
0.0187676
0.0187624
0.0187573
0.0187523
0.0187473
0.0187424
0.0187375
0.0187327
0.018728
0.0187233
0.0187187
0.0187142
0.0187097
0.0187052
0.0187008
0.0186965
0.0186922
0.018688
0.0186838
0.0186797
0.0186756
0.0186716
0.0186676
0.0186637
0.0186598
0.018656
