0.0254646
0.0255128
0.0255256
0.0255328
0.0255352
0.0255344
0.0255315
0.0255272
0.0255221
0.0255165
0.0255106
0.0255045
0.0254981
0.0254917
0.0254852
0.0254787
0.025472
0.0254654
0.0254587
0.025452
0.0254453
0.0254386
0.0254318
0.025425
0.0254183
0.0254115
0.0254047
0.0253979
0.0253911
0.0253843
0.0253775
0.0253707
0.0253639
0.0253571
0.0253503
0.0253435
0.0253367
0.0253299
0.0253231
0.0253163
0.0253095
0.0253027
0.0252959
0.0252891
0.0252823
0.0252755
0.0252688
0.025262
0.0252552
0.0252485
0.0252417
0.025235
0.0252282
0.0252215
0.0252148
0.025208
0.0252013
0.0251946
0.0251879
0.0251812
0.0251745
0.0251678
0.0251611
0.0251544
0.0251478
0.0251411
0.0251344
0.0251278
0.0251212
0.0251145
0.0251079
0.0251013
0.0250946
0.025088
0.0250814
0.0250748
0.0250683
0.0250617
0.0250551
0.0250485
0.025042
0.0250354
0.0250289
0.0250223
0.0250158
0.0250093
0.0250028
0.0249963
0.0249898
0.0249833
0.0249768
0.0249703
0.0249638
0.0249574
0.0249509
0.0249445
0.024938
0.0249316
0.0249252
0.0249188
