0.0137839
0.0137635
0.013739
0.0137206
0.0137103
0.0137065
0.0137068
0.0137092
0.0137121
0.0137148
0.013717
0.0137185
0.0137193
0.0137196
0.0137195
0.0137191
0.0137185
0.0137177
0.0137168
0.0137159
0.013715
0.013714
0.013713
0.0137121
0.0137111
0.0137102
0.0137093
0.0137083
0.0137074
0.0137066
0.0137057
0.0137048
0.013704
0.0137032
0.0137024
0.0137016
0.0137008
0.0137001
0.0136993
0.0136986
0.0136979
0.0136972
0.0136966
0.0136959
0.0136953
0.0136947
0.0136941
0.0136935
0.0136929
0.0136923
0.0136918
0.0136913
0.0136907
0.0136902
0.0136897
0.0136893
0.0136888
0.0136883
0.0136879
0.0136874
0.013687
0.0136866
0.0136862
0.0136858
0.0136854
0.013685
0.0136847
0.0136843
0.0136839
0.0136836
0.0136832
0.0136829
0.0136826
0.0136823
0.013682
0.0136816
0.0136813
0.013681
0.0136808
0.0136805
0.0136802
0.0136799
0.0136797
0.0136794
0.0136791
0.0136789
0.0136786
0.0136784
0.0136781
0.0136779
0.0136777
0.0136774
0.0136772
0.013677
0.0136768
0.0136766
0.0136763
0.0136761
0.0136759
0.0136757
