0.0140813
0.0137825
0.0135943
0.0135102
0.0134762
0.0134614
0.013453
0.0134468
0.0134413
0.0134361
0.013431
0.0134261
0.0134213
0.0134166
0.0134122
0.0134079
0.0134038
0.0133998
0.013396
0.0133923
0.0133888
0.0133854
0.0133821
0.013379
0.0133759
0.013373
0.0133701
0.0133674
0.0133647
0.0133621
0.0133596
0.0133572
0.0133549
0.0133526
0.0133504
0.0133483
0.0133462
0.0133442
0.0133423
0.0133404
0.0133385
0.0133368
0.013335
0.0133334
0.0133317
0.0133301
0.0133286
0.0133271
0.0133256
0.0133242
0.0133228
0.0133215
0.0133202
0.0133189
0.0133177
0.0133165
0.0133153
0.0133142
0.0133131
0.013312
0.0133109
0.0133099
0.0133089
0.0133079
0.0133069
0.013306
0.0133051
0.0133042
0.0133033
0.0133025
0.0133017
0.0133008
0.0133
0.0132993
0.0132985
0.0132978
0.0132971
0.0132963
0.0132957
0.013295
0.0132943
0.0132937
0.013293
0.0132924
0.0132918
0.0132912
0.0132906
0.01329
0.0132895
0.0132889
0.0132883
0.0132878
0.0132873
0.0132868
0.0132863
0.0132858
0.0132853
0.0132848
0.0132843
0.0132838
0.0132834
0.0132829
0.0132825
0.013282
0.0132816
0.0132812
0.0132808
0.0132803
0.0132799
0.0132795
0.0132791
0.0132787
0.0132783
0.013278
0.0132776
0.0132772
0.0132768
0.0132765
0.0132761
0.0132757
0.0132754
0.013275
0.0132747
0.0132743
0.013274
0.0132736
0.0132733
0.013273
0.0132726
0.0132723
0.013272
0.0132717
0.0132713
0.013271
0.0132707
0.0132704
0.0132701
0.0132698
0.0132695
0.0132692
0.0132689
0.0132686
0.0132683
0.013268
0.0132677
0.0132674
0.0132671
0.0132668
0.0132665
0.0132662
0.0132659
0.0132656
0.0132653
0.0132651
0.0132648
0.0132645
0.0132642
0.0132639
0.0132637
0.0132634
0.0132631
0.0132628
0.0132625
0.0132623
0.013262
0.0132617
0.0132614
0.0132612
0.0132609
0.0132606
0.0132604
0.0132601
0.0132598
0.0132596
0.0132593
0.013259
0.0132588
0.0132585
0.0132582
0.0132579
0.0132577
0.0132574
0.0132572
0.0132569
0.0132566
0.0132564
0.0132561
0.0132558
0.0132556
0.0132553
0.013255
0.0132548
0.0132545
0.0132543
0.013254
0.0132537
0.0132535
0.0132532
0.0132529
0.0132527
0.0132524
0.0132522
0.0132519
0.0132516
0.0132514
0.0132511
0.0132508
0.0132506
0.0132503
0.0132501
0.0132498
0.0132495
0.0132493
0.013249
0.0132488
0.0132485
0.0132482
0.013248
0.0132477
0.0132475
0.0132472
0.0132469
0.0132467
0.0132464
0.0132461
0.0132459
0.0132456
0.0132454
0.0132451
0.0132448
0.0132446
0.0132443
0.0132441
0.0132438
0.0132435
0.0132433
0.013243
0.0132427
0.0132425
0.0132422
0.013242
0.0132417
0.0132414
0.0132412
0.0132409
0.0132406
0.0132404
0.0132401
0.0132399
0.0132396
0.0132393
0.0132391
0.0132388
0.0132385
0.0132383
0.013238
0.0132377
0.0132375
0.0132372
0.013237
0.0132367
0.0132364
0.0132362
0.0132359
0.0132356
0.0132354
0.0132351
0.0132348
0.0132346
0.0132343
0.013234
0.0132338
0.0132335
0.0132332
0.013233
0.0132327
0.0132324
0.0132322
0.0132319
0.0132316
0.0132314
0.0132311
0.0132308
0.0132306
0.0132303
0.01323
0.0132298
0.0132295
0.0132292
0.013229
0.0132287
0.0132284
0.0132282
0.0132279
0.0132276
0.0132274
0.0132271
0.0132268
0.0132265
0.0132263
0.013226
0.0132257
0.0132255
0.0132252
0.0132249
0.0132247
0.0132244
0.0132241
0.0132239
0.0132236
0.0132233
0.013223
0.0132228
0.0132225
0.0132222
0.013222
0.0132217
0.0132214
0.0132211
0.0132209
0.0132206
0.0132203
0.0132201
0.0132198
0.0132195
0.0132192
0.013219
0.0132187
0.0132184
0.0132182
0.0132179
0.0132176
0.0132173
0.0132171
0.0132168
0.0132165
0.0132162
0.013216
0.0132157
0.0132154
0.0132151
0.0132149
0.0132146
0.0132143
0.0132141
0.0132138
0.0132135
0.0132132
0.013213
0.0132127
0.0132124
0.0132121
0.0132119
0.0132116
0.0132113
0.013211
0.0132108
0.0132105
0.0132102
0.0132099
0.0132097
0.0132094
0.0132091
0.0132088
0.0132085
0.0132083
0.013208
0.0132077
0.0132074
0.0132072
0.0132069
0.0132066
0.0132063
0.0132061
0.0132058
0.0132055
0.0132052
0.013205
0.0132047
0.0132044
0.0132041
0.0132038
0.0132036
0.0132033
0.013203
0.0132027
0.0132025
0.0132022
0.0132019
0.0132016
0.0132013
0.0132011
0.0132008
0.0132005
0.0132002
0.0131999
0.0131997
0.0131994
0.0131991
0.0131988
0.0131985
0.0131983
0.013198
0.0131977
0.0131974
0.0131972
0.0131969
0.0131966
0.0131963
0.013196
0.0131958
0.0131955
0.0131952
0.0131949
0.0131946
0.0131944
0.0131941
0.0131938
0.0131935
0.0131932
0.0131929
0.0131927
0.0131924
0.0131921
0.0131918
0.0131915
0.0131913
0.013191
0.0131907
0.0131904
0.0131901
0.0131899
0.0131896
0.0131893
0.013189
0.0131887
0.0131884
0.0131882
0.0131879
0.0131876
0.0131873
0.013187
0.0131867
0.0131865
0.0131862
0.0131859
0.0131856
0.0131853
0.0131851
0.0131848
0.0131845
0.0131842
0.0131839
0.0131836
0.0131834
0.0131831
0.0131828
0.0131825
0.0131822
0.0131819
0.0131817
0.0131814
0.0131811
0.0131808
0.0131805
0.0131802
0.0131799
0.0131797
0.0131794
0.0131791
0.0131788
0.0131785
0.0131782
0.013178
0.0131777
0.0131774
0.0131771
0.0131768
0.0131765
0.0131762
0.013176
0.0131757
0.0131754
0.0131751
0.0131748
0.0131745
0.0131742
0.013174
0.0131737
0.0131734
0.0131731
0.0131728
0.0131725
0.0131722
0.013172
0.0131717
0.0131714
0.0131711
0.0131708
0.0131705
0.0131702
0.01317
0.0131697
0.0131694
0.0131691
0.0131688
0.0131685
0.0131682
0.013168
0.0131677
0.0131674
0.0131671
0.0131668
0.0131665
0.0131662
0.0131659
0.0131657
0.0131654
0.0131651
0.0131648
0.0131645
0.0131642
0.0131639
0.0131636
0.0131634
0.0131631
0.0131628
0.0131625
0.0131622
0.0131619
0.0131616
0.0131613
0.013161
0.0131608
0.0131605
0.0131602
0.0131599
0.0131596
0.0131593
0.013159
0.0131587
0.0131584
0.0131582
0.0131579
0.0131576
0.0131573
0.013157
0.0131567
0.0131564
0.0131561
0.0131558
0.0131556
0.0131553
0.013155
0.0131547
0.0131544
0.0131541
0.0131538
0.0131535
0.0131532
0.0131529
0.0131527
0.0131524
0.0131521
0.0131518
0.0131515
0.0131512
0.0131509
0.0131506
0.0131503
0.01315
0.0131498
0.0131495
0.0131492
0.0131489
0.0131486
0.0131483
0.013148
0.0131477
0.0131474
0.0131471
0.0131468
0.0131465
0.0131463
0.013146
0.0131457
0.0131454
0.0131451
0.0131448
0.0131445
0.0131442
0.0131439
0.0131436
0.0131433
0.013143
0.0131428
0.0131425
0.0131422
0.0131419
0.0131416
0.0131413
0.013141
0.0131407
0.0131404
0.0131401
0.0131398
0.0131395
0.0131392
0.013139
0.0131387
0.0131384
0.0131381
0.0131378
0.0131375
0.0131372
0.0131369
0.0131366
0.0131363
0.013136
0.0131357
0.0131354
0.0131351
0.0131348
0.0131346
0.0131343
0.013134
0.0131337
0.0131334
0.0131331
0.0131328
0.0131325
0.0131322
0.0131319
0.0131316
0.0131313
0.013131
0.0131307
0.0131304
0.0131301
0.0131298
0.0131296
0.0131293
0.013129
0.0131287
0.0131284
0.0131281
0.0131278
0.0131275
0.0131272
0.0131269
0.0131266
0.0131263
0.013126
0.0131257
0.0131254
0.0131251
0.0131248
0.0131245
0.0131242
0.0131239
0.0131236
0.0131234
0.0131231
0.0131228
0.0131225
0.0131222
0.0131219
0.0131216
0.0131213
0.013121
0.0131207
0.0131204
0.0131201
0.0131198
0.0131195
0.0131192
0.0131189
0.0131186
0.0131183
0.013118
0.0131177
0.0131174
0.0131171
0.0131168
0.0131165
0.0131162
0.0131159
0.0131156
0.0131153
0.013115
0.0131148
0.0131145
0.0131142
0.0131139
0.0131136
0.0131133
0.013113
0.0131127
0.0131124
0.0131121
0.0131118
0.0131115
0.0131112
0.0131109
0.0131106
0.0131103
0.01311
0.0131097
0.0131094
0.0131091
0.0131088
0.0131085
0.0131082
0.0131079
0.0131076
0.0131073
0.013107
0.0131067
0.0131064
0.0131061
0.0131058
0.0131055
0.0131052
0.0131049
0.0131046
0.0131043
0.013104
0.0131037
0.0131034
0.0131031
0.0131028
0.0131025
0.0131022
0.0131019
0.0131016
0.0131013
0.013101
0.0131007
0.0131004
0.0131001
0.0130998
0.0130995
0.0130992
0.0130989
0.0130986
0.0130983
0.013098
0.0130977
0.0130974
0.0130971
0.0130968
0.0130965
0.0130962
0.0130959
0.0130956
0.0130953
0.013095
0.0130947
0.0130944
0.0130941
0.0130938
0.0130935
0.0130932
0.0130929
0.0130926
0.0130923
0.013092
0.0130917
0.0130914
0.0130911
0.0130908
0.0130905
0.0130902
0.0130899
0.0130896
0.0130893
0.013089
0.0130887
0.0130884
0.0130881
0.0130878
0.0130875
0.0130872
0.0130869
0.0130866
0.0130863
0.0130859
0.0130856
0.0130853
0.013085
0.0130847
0.0130844
0.0130841
0.0130838
0.0130835
0.0130832
0.0130829
0.0130826
0.0130823
0.013082
