0.0296882
0.0294843
0.0283577
0.0276128
0.0271342
0.0268252
0.0266155
0.0264598
0.0263327
0.0262216
0.0261214
0.0260293
0.0259436
0.0258624
0.0257844
0.0257086
0.0256344
0.0255614
0.0254896
0.0254189
0.0253492
0.0252807
0.0252133
0.0251471
0.0250822
0.0250184
0.024956
0.0248948
0.0248349
0.0247764
0.0247192
0.0246633
0.0246088
0.0245556
0.0245037
0.0244532
0.0244039
0.0243559
0.0243092
0.0242637
0.0242195
0.0241764
0.0241344
0.0240936
0.0240539
0.0240152
0.0239776
0.0239409
0.0239052
0.0238705
0.0238366
0.0238036
0.0237714
0.02374
0.0237093
0.0236794
0.0236503
0.0236218
0.0235939
0.0235667
0.02354
0.023514
0.0234885
0.0234635
0.0234391
0.0234151
0.0233916
0.0233685
0.0233459
0.0233237
0.0233018
0.0232804
0.0232593
0.0232386
0.0232182
0.0231981
0.0231783
0.0231588
0.0231396
0.0231207
0.0231021
0.0230837
0.0230655
0.0230476
0.0230299
0.0230124
0.0229951
0.022978
0.0229611
0.0229444
0.0229279
0.0229116
0.0228954
0.0228794
0.0228635
0.0228478
0.0228323
0.0228169
0.0228016
0.0227864
0.0227714
0.0227565
0.0227417
0.0227271
0.0227125
0.0226981
0.0226838
0.0226696
0.0226554
0.0226414
0.0226275
0.0226136
0.0225999
0.0225862
0.0225727
0.0225592
0.0225458
0.0225325
0.0225192
0.022506
0.0224929
0.0224799
0.022467
0.0224541
0.0224413
0.0224285
0.0224158
0.0224032
0.0223907
0.0223782
0.0223657
0.0223533
0.022341
0.0223288
0.0223166
0.0223044
0.0222923
0.0222803
0.0222683
0.0222563
0.0222444
0.0222326
0.0222208
0.0222091
0.0221974
0.0221857
0.0221741
0.0221625
0.022151
0.0221396
0.0221281
0.0221167
0.0221054
0.0220941
0.0220828
0.0220716
0.0220605
0.0220493
0.0220382
0.0220272
0.0220162
0.0220052
0.0219942
0.0219833
0.0219725
0.0219616
0.0219509
0.0219401
0.0219294
0.0219187
0.0219081
0.0218974
0.0218869
0.0218763
0.0218658
0.0218553
0.0218449
0.0218345
0.0218241
0.0218138
0.0218035
0.0217932
0.021783
0.0217728
0.0217626
0.0217524
0.0217423
0.0217322
0.0217222
0.0217122
0.0217022
0.0216922
0.0216823
0.0216724
0.0216625
0.0216527
0.0216429
0.0216331
0.0216233
0.0216136
0.0216039
0.0215943
0.0215846
0.021575
0.0215654
0.0215559
0.0215464
0.0215369
0.0215274
0.021518
0.0215085
0.0214992
0.0214898
0.0214805
0.0214712
0.0214619
0.0214526
0.0214434
0.0214342
0.0214251
0.0214159
0.0214068
0.0213977
0.0213886
0.0213796
0.0213706
0.0213616
0.0213526
0.0213437
0.0213348
0.0213259
0.021317
0.0213082
0.0212994
0.0212906
0.0212818
0.0212731
0.0212644
0.0212557
0.021247
0.0212384
0.0212298
0.0212212
0.0212126
0.0212041
0.0211955
0.021187
0.0211786
0.0211701
0.0211617
0.0211533
0.0211449
0.0211365
0.0211282
0.0211199
0.0211116
0.0211033
0.0210951
0.0210868
0.0210786
0.0210705
0.0210623
0.0210542
0.0210461
0.021038
0.0210299
0.0210218
0.0210138
0.0210058
0.0209978
0.0209899
0.0209819
0.020974
0.0209661
0.0209582
0.0209504
0.0209425
0.0209347
0.0209269
0.0209191
0.0209114
0.0209037
0.0208959
0.0208882
0.0208806
0.0208729
0.0208653
0.0208577
0.0208501
0.0208425
0.020835
0.0208274
0.0208199
0.0208124
0.0208049
0.0207975
0.0207901
0.0207826
0.0207752
0.0207679
0.0207605
0.0207532
0.0207458
0.0207385
0.0207313
0.020724
0.0207167
0.0207095
0.0207023
0.0206951
0.0206879
0.0206808
0.0206737
0.0206665
0.0206594
0.0206524
0.0206453
0.0206382
0.0206312
0.0206242
0.0206172
0.0206102
0.0206033
0.0205963
0.0205894
0.0205825
0.0205756
0.0205688
0.0205619
0.0205551
0.0205482
0.0205414
0.0205347
0.0205279
0.0205211
0.0205144
0.0205077
0.020501
0.0204943
0.0204876
0.020481
0.0204743
0.0204677
0.0204611
0.0204545
0.020448
0.0204414
0.0204349
0.0204283
0.0204218
0.0204153
0.0204089
0.0204024
0.020396
0.0203895
0.0203831
0.0203767
0.0203703
0.020364
0.0203576
0.0203513
0.020345
0.0203386
0.0203324
0.0203261
0.0203198
0.0203136
0.0203073
0.0203011
0.0202949
0.0202887
0.0202826
0.0202764
0.0202703
0.0202641
0.020258
0.0202519
0.0202458
0.0202398
0.0202337
0.0202277
0.0202217
0.0202156
0.0202096
0.0202037
0.0201977
0.0201917
0.0201858
0.0201799
0.0201739
0.020168
0.0201622
0.0201563
0.0201504
0.0201446
0.0201387
0.0201329
0.0201271
0.0201213
0.0201155
0.0201098
0.020104
0.0200983
0.0200925
0.0200868
0.0200811
0.0200754
0.0200698
0.0200641
0.0200585
0.0200528
0.0200472
0.0200416
0.020036
0.0200304
0.0200248
0.0200193
0.0200137
0.0200082
0.0200027
0.0199972
0.0199917
0.0199862
0.0199807
0.0199752
0.0199698
0.0199644
0.0199589
0.0199535
0.0199481
0.0199427
0.0199374
0.019932
0.0199266
0.0199213
0.019916
0.0199107
0.0199054
0.0199001
0.0198948
0.0198895
0.0198843
0.019879
0.0198738
0.0198686
0.0198633
0.0198581
0.0198529
0.0198478
0.0198426
0.0198374
0.0198323
0.0198272
0.019822
0.0198169
0.0198118
0.0198068
0.0198017
0.0197966
0.0197916
0.0197865
0.0197815
0.0197764
0.0197714
0.0197664
0.0197614
0.0197565
0.0197515
0.0197465
0.0197416
0.0197367
0.0197317
0.0197268
0.0197219
0.019717
0.0197121
0.0197072
0.0197024
0.0196975
0.0196927
0.0196878
0.019683
0.0196782
0.0196734
0.0196686
0.0196638
0.0196591
0.0196543
0.0196495
0.0196448
0.0196401
0.0196353
0.0196306
0.0196259
0.0196212
0.0196166
0.0196119
0.0196072
0.0196026
0.0195979
0.0195933
0.0195887
0.019584
0.0195794
0.0195748
0.0195702
0.0195657
0.0195611
0.0195565
0.019552
0.0195474
0.0195429
0.0195384
0.0195339
0.0195294
0.0195249
0.0195204
0.0195159
0.0195115
0.019507
0.0195025
0.0194981
0.0194937
0.0194893
0.0194848
0.0194804
0.019476
0.0194717
0.0194673
0.0194629
0.0194585
0.0194542
0.0194499
0.0194455
0.0194412
0.0194369
0.0194326
0.0194283
0.019424
0.0194197
0.0194154
0.0194112
0.0194069
0.0194027
0.0193984
0.0193942
0.01939
0.0193858
0.0193815
0.0193774
0.0193732
0.019369
0.0193648
0.0193606
0.0193565
0.0193523
0.0193482
0.0193441
0.0193399
0.0193358
0.0193317
0.0193276
0.0193235
0.0193195
0.0193154
0.0193113
0.0193073
0.0193032
0.0192992
0.0192951
0.0192911
0.0192871
0.0192831
0.0192791
0.0192751
0.0192711
0.0192671
0.0192631
0.0192592
0.0192552
0.0192512
0.0192473
0.0192434
0.0192394
0.0192355
0.0192316
0.0192277
0.0192238
0.0192199
0.019216
0.0192122
0.0192083
0.0192044
0.0192006
0.0191967
0.0191929
0.0191891
0.0191852
0.0191814
0.0191776
0.0191738
0.01917
0.0191662
0.0191625
0.0191587
0.0191549
0.0191512
0.0191474
0.0191437
0.0191399
0.0191362
0.0191325
0.0191288
0.019125
0.0191213
0.0191177
0.019114
0.0191103
0.0191066
0.0191029
0.0190993
0.0190956
0.019092
0.0190883
0.0190847
0.0190811
0.0190775
0.0190738
0.0190702
0.0190666
0.019063
0.0190595
0.0190559
0.0190523
0.0190487
0.0190452
0.0190416
0.0190381
0.0190345
0.019031
0.0190275
0.019024
0.0190205
0.0190169
0.0190134
0.01901
0.0190065
0.019003
0.0189995
0.018996
0.0189926
0.0189891
0.0189857
0.0189822
0.0189788
0.0189754
0.0189719
0.0189685
0.0189651
0.0189617
0.0189583
0.0189549
0.0189515
0.0189481
0.0189448
0.0189414
0.018938
0.0189347
0.0189313
0.018928
0.0189247
0.0189213
0.018918
0.0189147
0.0189114
0.0189081
0.0189048
0.0189015
0.0188982
0.0188949
0.0188916
0.0188883
0.0188851
0.0188818
0.0188786
0.0188753
0.0188721
0.0188688
0.0188656
0.0188624
0.0188592
0.018856
0.0188528
0.0188496
0.0188464
0.0188432
0.01884
0.0188368
0.0188336
0.0188305
0.0188273
0.0188241
0.018821
0.0188179
0.0188147
0.0188116
0.0188085
0.0188053
0.0188022
0.0187991
0.018796
0.0187929
0.0187898
0.0187867
0.0187836
0.0187806
0.0187775
0.0187744
0.0187714
0.0187683
0.0187653
0.0187622
0.0187592
0.0187561
0.0187531
0.0187501
0.0187471
0.0187441
0.0187411
0.0187381
0.0187351
0.0187321
0.0187291
0.0187261
0.0187231
0.0187202
0.0187172
0.0187142
0.0187113
0.0187083
0.0187054
0.0187025
0.0186995
0.0186966
0.0186937
0.0186908
0.0186878
0.0186849
0.018682
0.0186791
0.0186763
0.0186734
0.0186705
0.0186676
0.0186647
0.0186619
0.018659
0.0186562
0.0186533
0.0186505
0.0186476
0.0186448
0.018642
0.0186391
0.0186363
0.0186335
0.0186307
0.0186279
0.0186251
0.0186223
0.0186195
0.0186167
0.0186139
0.0186111
0.0186084
0.0186056
0.0186028
0.0186001
0.0185973
0.0185946
0.0185918
0.0185891
0.0185864
0.0185836
0.0185809
0.0185782
0.0185755
0.0185728
0.0185701
0.0185674
0.0185647
0.018562
0.0185593
0.0185566
0.018554
0.0185513
0.0185486
0.018546
0.0185433
0.0185406
