0.0347025
0.0350258
0.0360569
0.0373178
0.0385378
0.0394985
0.0401712
0.0406208
0.040916
0.0411061
0.0412224
0.0412838
0.0413013
0.0412809
0.041225
0.0411339
0.0410073
0.0408453
0.040651
0.0404313
0.0401983
0.0399662
0.0397481
0.0395518
0.039379
0.0392267
0.0390896
0.0389625
0.0388413
0.0387232
0.0386066
0.0384902
0.0383731
0.0382541
0.0381316
0.0380034
0.0378665
0.0377167
0.0375488
0.0373562
0.0371313
0.0368655
0.03655
0.0361771
0.0357413
0.0352404
0.0346764
0.0340559
0.0333896
0.0326917
0.0319788
0.0312675
0.0305735
0.0299096
0.0292851
0.0287058
0.0281741
0.0276899
0.027251
0.0268541
0.0264955
0.0261709
0.0258764
0.0256085
0.0253637
0.0251393
0.0249326
0.0247415
0.024564
0.0243988
0.0242443
0.0240994
0.0239631
0.0238346
0.0237132
0.0235983
0.0234892
0.0233856
0.0232869
0.023193
0.0231034
0.023018
0.0229363
0.0228583
0.0227836
0.0227123
0.022644
0.0225786
0.022516
0.0224561
0.0223987
0.0223438
0.0222911
0.0222407
0.0221925
0.0221463
0.0221021
0.0220597
0.0220192
0.0219804
0.0219432
0.0219077
0.0218737
0.0218412
0.02181
0.0217803
0.0217518
0.0217246
0.0216985
0.0216736
0.0216498
0.0216271
0.0216053
0.0215845
0.0215646
0.0215456
0.0215274
0.02151
0.0214933
0.0214774
0.0214622
0.0214476
0.0214336
0.0214202
0.0214074
0.0213952
0.0213834
0.0213721
0.0213613
0.0213509
0.0213409
0.0213313
0.021322
0.0213131
0.0213045
0.0212963
0.0212883
0.0212806
0.0212731
0.0212659
0.0212589
0.0212521
0.0212455
0.0212391
0.0212328
0.0212268
0.0212208
0.0212151
0.0212094
0.0212039
0.0211985
0.0211931
0.0211879
0.0211828
0.0211778
0.0211728
0.0211679
0.0211631
0.0211584
0.0211537
0.0211491
0.0211445
0.02114
0.0211355
0.0211311
0.0211267
0.0211223
0.021118
0.0211137
0.0211094
0.0211052
0.021101
0.0210968
0.0210927
0.0210885
0.0210844
0.0210803
0.0210763
0.0210722
0.0210682
0.0210642
0.0210602
0.0210562
0.0210522
0.0210483
0.0210444
0.0210404
0.0210365
0.0210327
0.0210288
0.0210249
0.0210211
0.0210172
0.0210134
0.0210096
0.0210058
0.021002
0.0209982
0.0209945
0.0209907
0.020987
0.0209832
0.0209795
0.0209758
0.0209721
0.0209684
0.0209647
0.0209611
0.0209574
0.0209538
0.0209502
0.0209465
0.0209429
0.0209393
0.0209357
0.0209322
0.0209286
0.020925
0.0209215
0.0209179
0.0209144
0.0209109
0.0209074
0.0209039
0.0209004
0.0208969
0.0208934
0.02089
0.0208865
0.0208831
0.0208797
0.0208763
0.0208728
0.0208694
0.0208661
0.0208627
0.0208593
0.0208559
0.0208526
0.0208493
0.0208459
0.0208426
0.0208393
0.020836
0.0208327
0.0208294
0.0208261
0.0208229
0.0208196
0.0208163
0.0208131
0.0208099
0.0208067
0.0208034
0.0208002
0.020797
0.0207939
0.0207907
0.0207875
0.0207843
0.0207812
0.020778
0.0207749
0.0207718
0.0207687
0.0207655
0.0207624
0.0207593
0.0207563
0.0207532
0.0207501
0.020747
0.020744
0.0207409
0.0207379
0.0207349
0.0207318
0.0207288
0.0207258
0.0207228
0.0207198
0.0207168
0.0207138
0.0207109
0.0207079
0.0207049
0.020702
0.020699
0.0206961
0.0206932
0.0206902
0.0206873
0.0206844
0.0206815
0.0206786
0.0206757
0.0206728
0.02067
0.0206671
0.0206642
0.0206614
0.0206585
0.0206557
0.0206528
0.02065
0.0206472
0.0206443
0.0206415
0.0206387
0.0206359
0.0206331
0.0206303
0.0206275
0.0206247
0.020622
0.0206192
0.0206164
0.0206137
0.0206109
0.0206082
0.0206054
0.0206027
0.0206
0.0205973
0.0205945
0.0205918
0.0205891
0.0205864
0.0205837
0.020581
0.0205783
0.0205756
0.020573
0.0205703
0.0205676
0.0205649
0.0205623
0.0205596
0.020557
0.0205543
0.0205517
0.0205491
0.0205464
0.0205438
0.0205412
0.0205385
0.0205359
0.0205333
0.0205307
0.0205281
0.0205255
0.0205229
0.0205203
0.0205177
0.0205152
0.0205126
0.02051
0.0205074
0.0205049
0.0205023
0.0204997
0.0204972
0.0204946
0.0204921
0.0204895
0.020487
0.0204844
0.0204819
0.0204794
0.0204768
0.0204743
0.0204718
0.0204693
0.0204667
0.0204642
0.0204617
0.0204592
0.0204567
0.0204542
0.0204517
0.0204492
0.0204467
0.0204442
0.0204417
0.0204392
0.0204367
0.0204342
0.0204317
0.0204292
0.0204267
0.0204243
0.0204218
0.0204193
0.0204168
0.0204143
0.0204119
0.0204094
0.0204069
0.0204045
0.020402
0.0203995
0.020397
0.0203946
0.0203921
0.0203896
0.0203872
0.0203847
0.0203822
0.0203798
0.0203773
0.0203749
0.0203724
0.0203699
0.0203675
0.020365
0.0203625
0.0203601
0.0203576
0.0203551
0.0203527
0.0203502
0.0203477
0.0203453
0.0203428
0.0203403
0.0203378
0.0203354
0.0203329
0.0203304
0.0203279
0.0203254
0.020323
0.0203205
0.020318
0.0203155
0.020313
0.0203105
0.020308
0.0203055
0.020303
0.0203005
0.020298
0.0202955
0.0202929
0.0202904
0.0202879
0.0202854
0.0202828
0.0202803
0.0202778
0.0202752
0.0202727
0.0202701
0.0202676
0.020265
0.0202624
0.0202599
0.0202573
0.0202547
0.0202521
0.0202495
0.0202469
0.0202443
0.0202417
0.0202391
0.0202365
0.0202339
0.0202312
0.0202286
0.0202259
0.0202233
0.0202206
0.020218
0.0202153
0.0202126
0.0202099
0.0202072
0.0202045
0.0202018
0.0201991
0.0201964
0.0201936
0.0201909
0.0201881
0.0201854
0.0201826
0.0201798
0.0201771
0.0201743
0.0201715
0.0201687
0.0201659
0.020163
0.0201602
0.0201574
0.0201545
0.0201516
0.0201488
0.0201459
0.020143
0.0201401
0.0201372
0.0201343
0.0201314
0.0201284
0.0201255
0.0201225
0.0201196
0.0201166
0.0201136
0.0201107
0.0201077
0.0201047
0.0201016
0.0200986
0.0200956
0.0200926
0.0200895
0.0200865
0.0200834
0.0200803
0.0200772
0.0200741
0.0200711
0.020068
0.0200648
0.0200617
0.0200586
0.0200555
0.0200523
0.0200492
0.020046
0.0200429
0.0200397
0.0200365
0.0200334
0.0200302
0.020027
0.0200238
0.0200206
0.0200174
0.0200142
0.020011
0.0200078
0.0200046
0.0200014
0.0199982
0.0199949
0.0199917
0.0199885
0.0199853
0.019982
0.0199788
0.0199756
0.0199724
0.0199692
0.0199659
0.0199627
0.0199595
0.0199563
0.0199531
0.0199498
0.0199466
0.0199434
0.0199402
0.019937
0.0199338
0.0199306
0.0199275
0.0199243
0.0199211
0.0199179
0.0199148
0.0199116
0.0199085
0.0199053
0.0199022
0.0198991
0.019896
0.0198929
0.0198898
0.0198867
0.0198836
0.0198805
0.0198775
0.0198744
0.0198714
0.0198683
0.0198653
0.0198623
0.0198593
0.0198563
0.0198534
0.0198504
0.0198474
0.0198445
0.0198416
0.0198387
0.0198358
0.0198329
0.01983
0.0198271
0.0198243
0.0198215
0.0198186
0.0198158
0.0198131
0.0198103
0.0198075
0.0198048
0.019802
0.0197993
0.0197966
0.0197939
0.0197912
0.0197886
0.0197859
0.0197833
0.0197806
0.019778
0.0197754
0.0197729
0.0197703
0.0197678
0.0197652
0.0197627
0.0197602
0.0197577
0.0197552
0.0197528
0.0197503
0.0197479
0.0197455
0.0197431
0.0197407
0.0197383
0.0197359
0.0197336
0.0197313
0.019729
0.0197266
0.0197244
0.0197221
0.0197198
0.0197176
0.0197153
0.0197131
0.0197109
0.0197087
0.0197066
0.0197044
0.0197022
0.0197001
0.019698
0.0196959
0.0196938
0.0196917
0.0196896
0.0196876
0.0196855
0.0196835
0.0196815
0.0196795
0.0196775
0.0196755
0.0196735
0.0196716
0.0196696
0.0196677
0.0196658
0.0196639
0.019662
0.0196601
0.0196582
0.0196564
0.0196545
0.0196527
0.0196509
0.0196491
0.0196473
0.0196455
0.0196437
0.019642
0.0196402
0.0196385
0.0196367
0.019635
0.0196333
0.0196316
0.01963
0.0196283
0.0196266
0.019625
0.0196233
0.0196217
0.0196201
0.0196185
0.0196169
0.0196153
0.0196137
0.0196122
0.0196106
0.0196091
0.0196075
0.019606
0.0196045
0.019603
0.0196015
0.0196
0.0195985
0.0195971
0.0195956
0.0195942
0.0195928
0.0195913
0.0195899
0.0195885
0.0195871
0.0195857
0.0195843
0.019583
0.0195816
0.0195803
0.0195789
0.0195776
0.0195763
0.019575
0.0195737
0.0195724
0.0195711
0.0195698
0.0195685
0.0195673
0.019566
0.0195648
0.0195636
0.0195623
0.0195611
0.0195599
0.0195587
0.0195575
0.0195563
0.0195551
0.019554
0.0195528
0.0195517
0.0195505
0.0195494
0.0195483
0.0195471
0.019546
0.0195449
0.0195438
0.0195428
0.0195417
0.0195406
0.0195395
0.0195385
0.0195374
0.0195364
0.0195354
0.0195343
0.0195333
0.0195323
0.0195313
0.0195303
0.0195293
0.0195283
0.0195273
0.0195264
0.0195254
0.0195245
0.0195235
0.0195226
0.0195216
0.0195207
0.0195198
0.0195189
0.019518
0.0195171
0.0195162
0.0195153
0.0195144
0.0195135
0.0195127
0.0195118
0.0195109
0.0195101
0.0195093
0.0195084
0.0195076
0.0195068
0.019506
0.0195051
0.0195043
0.0195035
0.0195028
0.019502
0.0195012
0.0195004
