0.068327
0.070261
0.0706369
0.0710078
0.0713715
0.0717257
0.072068
0.0723957
0.0727059
0.0729955
0.0732612
0.0734994
0.0737066
0.0738792
0.0740138
0.0741077
0.0741585
0.0741652
0.074128
0.0740482
0.0739289
0.0737746
0.0735909
0.0733842
0.0731615
0.0729293
0.0726937
0.0724594
0.0722296
0.0720058
0.071788
0.0715747
0.0713632
0.0711499
0.0709309
0.0707017
0.0704578
0.0701947
0.0699079
0.0695929
0.0692454
0.0688615
0.0684371
0.067969
0.0674542
0.0668908
0.0662779
0.0656159
0.0649068
0.0641542
0.0633631
0.0625399
0.061692
0.0608269
0.0599525
0.0590758
0.0582031
0.0573397
0.0564897
0.0556561
0.0548411
0.0540458
0.0532711
0.0525172
0.051784
0.0510714
0.050379
0.0497066
0.0490537
0.0484201
0.0478055
0.0472096
0.0466323
0.0460734
0.0455326
0.0450099
0.0445052
0.0440181
0.0435486
0.0430965
0.0426615
0.0422434
0.041842
0.0414569
0.0410878
0.0407344
0.0403963
0.0400731
0.0397643
0.0394696
0.0391884
0.0389204
0.038665
0.0384219
0.0381904
0.0379702
0.0377607
0.0375615
0.0373721
0.0371921
0.037021
0.0368583
0.0367037
0.0365568
0.036417
0.0362841
0.0361576
0.0360373
0.0359227
0.0358135
0.0357095
0.0356102
0.0355155
0.0354251
0.0353386
0.0352559
0.0351767
0.0351009
0.0350281
0.0349582
0.0348911
0.0348266
0.0347644
0.0347045
0.0346466
0.0345908
0.0345368
0.0344846
0.0344339
0.0343848
0.0343372
0.0342909
0.0342458
0.034202
0.0341593
0.0341176
0.0340769
0.0340372
0.0339984
0.0339604
0.0339232
0.0338868
0.0338511
0.0338161
0.0337817
0.033748
0.0337148
0.0336823
0.0336503
0.0336188
0.0335878
0.0335573
0.0335272
0.0334977
0.0334685
0.0334398
0.0334115
0.0333836
0.0333561
0.033329
0.0333022
0.0332758
0.0332497
0.033224
0.0331986
0.0331736
0.0331489
0.0331245
0.0331004
0.0330766
0.0330531
0.0330299
0.033007
0.0329843
0.032962
0.0329399
0.0329181
0.0328966
0.0328753
0.0328542
0.0328335
0.032813
0.0327927
0.0327727
0.0327529
0.0327333
0.032714
0.0326949
0.032676
0.0326573
0.0326389
0.0326207
0.0326027
0.0325848
0.0325672
0.0325498
0.0325326
0.0325156
0.0324988
0.0324822
0.0324657
0.0324495
0.0324334
0.0324175
0.0324018
0.0323862
0.0323708
0.0323556
0.0323405
0.0323256
0.0323109
0.0322963
0.0322818
0.0322675
0.0322534
0.0322394
0.0322256
0.0322119
0.0321983
0.0321848
0.0321715
0.0321584
0.0321453
0.0321324
0.0321196
0.032107
0.0320944
0.032082
0.0320697
0.0320576
0.0320455
0.0320335
0.0320217
0.03201
0.0319984
0.0319869
0.0319755
0.0319642
0.031953
0.0319419
0.0319309
0.03192
0.0319092
0.0318985
0.0318879
0.0318774
0.031867
0.0318567
0.0318465
0.0318364
0.0318263
0.0318164
0.0318065
0.0317968
0.0317871
0.0317775
0.031768
0.0317586
0.0317492
0.03174
0.0317308
0.0317217
0.0317127
0.0317037
0.0316949
0.0316861
0.0316774
0.0316687
0.0316602
0.0316517
0.0316433
0.031635
0.0316267
0.0316185
0.0316104
0.0316023
0.0315944
0.0315864
0.0315786
0.0315708
0.0315631
0.0315555
0.0315479
0.0315403
0.0315329
0.0315255
0.0315182
0.0315109
0.0315037
0.0314965
0.0314894
0.0314824
0.0314754
0.0314684
0.0314616
0.0314547
0.031448
0.0314412
0.0314346
0.0314279
0.0314214
0.0314149
0.0314084
0.031402
0.0313956
0.0313892
0.0313829
0.0313767
0.0313705
0.0313643
0.0313582
0.0313521
0.0313461
0.0313401
0.0313341
0.0313282
0.0313223
0.0313165
0.0313106
0.0313049
0.0312991
0.0312934
0.0312877
0.031282
0.0312764
0.0312708
0.0312652
0.0312597
0.0312542
0.0312487
0.0312433
0.0312378
0.0312324
0.031227
0.0312217
0.0312163
0.031211
0.0312057
0.0312004
0.0311952
0.0311899
0.0311847
0.0311795
0.0311743
0.0311692
0.031164
0.0311589
0.0311538
0.0311487
0.0311436
0.0311385
0.0311334
0.0311284
0.0311233
0.0311183
0.0311133
0.0311083
0.0311033
0.0310983
0.0310933
0.0310884
0.0310834
0.0310784
0.0310735
0.0310685
0.0310636
0.0310587
0.0310537
0.0310488
0.0310439
0.031039
0.0310341
0.0310292
0.0310242
0.0310193
0.0310144
0.0310095
0.0310046
0.0309997
0.0309948
0.0309899
0.030985
0.0309801
0.0309752
0.0309703
0.0309654
0.0309605
0.0309556
0.0309507
0.0309458
0.0309409
0.030936
0.0309311
0.0309262
0.0309212
0.0309163
0.0309114
0.0309064
0.0309015
0.0308965
0.0308916
0.0308866
0.0308817
0.0308767
0.0308717
0.0308667
0.0308618
0.0308568
0.0308518
0.0308468
0.0308418
0.0308368
0.0308317
0.0308267
0.0308217
0.0308166
0.0308116
0.0308065
0.0308015
0.0307964
0.0307913
0.0307862
0.0307812
0.0307761
0.030771
0.0307658
0.0307607
0.0307556
0.0307505
0.0307453
0.0307402
0.030735
0.0307299
0.0307247
0.0307195
0.0307144
0.0307092
0.030704
0.0306988
0.0306936
0.0306884
0.0306831
0.0306779
0.0306727
0.0306674
0.0306622
0.0306569
0.0306517
0.0306464
0.0306411
0.0306359
0.0306306
0.0306253
0.03062
0.0306147
0.0306094
0.0306041
0.0305988
0.0305934
0.0305881
0.0305828
0.0305775
0.0305721
0.0305668
0.0305614
0.0305561
0.0305507
0.0305454
0.03054
0.0305347
0.0305293
0.0305239
0.0305186
0.0305132
0.0305078
0.0305024
0.0304971
0.0304917
0.0304863
0.0304809
0.0304755
0.0304702
0.0304648
0.0304594
0.030454
0.0304486
0.0304432
0.0304378
0.0304325
0.0304271
0.0304217
0.0304163
0.0304109
0.0304055
0.0304002
0.0303948
0.0303894
0.030384
0.0303787
0.0303733
0.0303679
0.0303626
0.0303572
0.0303518
0.0303465
0.0303411
0.0303358
0.0303304
0.0303251
0.0303197
0.0303144
0.0303091
0.0303037
0.0302984
0.0302931
0.0302878
0.0302825
0.0302772
0.0302719
0.0302666
0.0302613
0.030256
0.0302507
0.0302455
0.0302402
0.0302349
0.0302297
0.0302244
0.0302192
0.0302139
0.0302087
0.0302035
0.0301982
0.030193
0.0301878
0.0301826
0.0301774
0.0301722
0.030167
0.0301619
0.0301567
0.0301515
0.0301464
0.0301412
0.0301361
0.0301309
0.0301258
0.0301207
0.0301156
0.0301104
0.0301053
0.0301002
0.0300951
0.03009
0.030085
0.0300799
0.0300748
0.0300698
0.0300647
0.0300596
0.0300546
0.0300496
0.0300445
0.0300395
0.0300345
0.0300295
0.0300245
0.0300195
0.0300145
0.0300095
0.0300045
0.0299995
0.0299945
0.0299895
0.0299846
0.0299796
0.0299746
0.0299697
0.0299647
0.0299598
0.0299549
0.0299499
0.029945
0.0299401
0.0299351
0.0299302
0.0299253
0.0299204
0.0299155
0.0299106
0.0299057
0.0299008
0.0298959
0.029891
0.0298861
0.0298812
0.0298763
0.0298714
0.0298666
0.0298617
0.0298568
0.0298519
0.029847
0.0298422
0.0298373
0.0298324
0.0298276
0.0298227
0.0298178
0.0298129
0.0298081
0.0298032
0.0297983
0.0297935
0.0297886
0.0297837
0.0297789
0.029774
0.0297691
0.0297642
0.0297594
0.0297545
0.0297496
0.0297447
0.0297399
0.029735
0.0297301
0.0297252
0.0297203
0.0297154
0.0297105
0.0297056
0.0297007
0.0296958
0.0296909
0.029686
0.0296811
0.0296762
0.0296713
0.0296663
0.0296614
0.0296565
0.0296515
0.0296466
0.0296416
0.0296367
0.0296317
0.0296267
0.0296218
0.0296168
0.0296118
0.0296068
0.0296018
0.0295968
0.0295918
0.0295868
0.0295818
0.0295768
0.0295717
0.0295667
0.0295617
0.0295566
0.0295515
0.0295465
0.0295414
0.0295363
0.0295312
0.0295261
0.029521
0.0295159
0.0295107
0.0295056
0.0295005
0.0294953
0.0294901
0.029485
0.0294798
0.0294746
0.0294694
0.0294642
0.029459
0.0294537
0.0294485
0.0294432
0.029438
0.0294327
0.0294274
0.0294221
0.0294168
0.0294115
0.0294062
0.0294009
0.0293955
0.0293902
0.0293848
0.0293794
0.029374
0.0293686
0.0293632
0.0293578
0.0293523
0.0293469
0.0293414
0.0293359
0.0293304
0.0293249
0.0293194
0.0293139
0.0293083
0.0293028
0.0292972
0.0292916
0.029286
0.0292804
0.0292748
0.0292692
0.0292635
0.0292579
0.0292522
0.0292465
0.0292408
0.0292351
0.0292293
0.0292236
0.0292178
0.029212
0.0292063
0.0292004
0.0291946
0.0291888
0.0291829
0.0291771
0.0291712
0.0291653
0.0291594
0.0291535
0.0291475
0.0291416
0.0291356
0.0291296
0.0291236
0.0291176
0.0291115
0.0291055
0.0290994
0.0290933
0.0290872
0.0290811
0.029075
0.0290689
0.0290627
0.0290565
0.0290503
0.0290441
0.0290379
0.0290316
0.0290254
0.0290191
0.0290128
0.0290065
0.0290001
0.0289938
0.0289874
0.0289811
0.0289747
0.0289682
0.0289618
0.0289554
0.0289489
0.0289424
0.0289359
0.0289294
0.0289228
0.0289163
0.0289097
0.0289031
0.0288965
0.0288899
0.0288832
0.0288766
0.0288699
0.0288632
0.0288565
0.0288498
0.028843
0.0288362
0.0288295
0.0288226
0.0288158
0.028809
0.0288021
0.0287952
0.0287883
0.0287814
0.0287745
0.0287675
0.0287606
0.0287536
0.0287466
0.0287395
