0.112759
0.0967701
0.0652767
0.0616759
0.0584919
0.0570813
0.0535367
0.0504712
0.0478612
0.0451436
0.0445254
0.0436227
0.0425116
0.0417842
0.0411839
0.0410306
0.0407056
0.0406914
0.0398469
0.0394826
0.0394475
0.0394033
0.0393944
0.0389564
0.0392859
0.0386573
0.0386145
0.03859
0.0387761
0.0379959
0.0377523
0.0377862
0.0379479
0.0379412
0.0380508
0.0374942
0.0371301
0.0369142
0.0371294
0.0367446
0.0365233
0.0371067
0.0372777
0.0361517
0.0366788
0.0364489
0.0363426
0.0368619
0.0365694
0.0361969
0.0361721
0.0359452
0.0358184
0.0363223
0.0357593
0.0357857
0.0362707
0.035696
0.0355148
0.0357822
0.0356305
0.0354519
0.0353008
0.035353
0.03526
0.0354108
0.035092
0.0354342
0.0349923
0.035182
0.0350495
0.0351234
0.0355174
0.0348133
0.0349254
0.0350663
0.0347343
0.0348494
0.034742
0.0344046
0.0346962
0.0344621
0.0342754
0.0345728
0.0342576
0.0344037
0.0344141
0.03397
0.0340428
0.0339773
0.033699
0.0337372
0.0331898
0.032705
0.031716
0.0312937
0.0309184
0.030798
0.0305941
0.0305638
0.0302715
0.0299273
0.0304571
0.0297896
0.0291784
0.0294783
0.0294473
0.0292923
0.0290885
0.0288138
0.0291551
0.0288943
0.028088
0.0281546
0.0278246
0.0283943
0.0278738
0.0280886
0.0278636
0.0279048
0.0272515
0.0272953
0.0276851
0.0272856
0.0271042
0.0268684
0.0270702
0.0272307
0.0267793
0.0268752
0.0268597
0.0267638
0.0266231
0.0260572
0.0266976
0.0269208
0.0258578
0.0260865
0.0263046
0.0260168
0.0260101
0.0263724
0.0261316
0.0258183
0.0258199
0.025497
0.0256721
0.0255283
0.0257645
0.0259581
0.0255565
0.0253287
0.0249725
0.0252291
0.0252981
0.0250189
0.0254049
0.0246495
0.0250836
0.0249463
0.0246235
0.0252271
0.0251613
0.0250806
0.0248966
0.0245654
0.0246936
0.0245068
0.0251525
0.0244589
0.0247802
0.0246744
0.0247856
0.0244869
0.0245685
0.024719
0.0245014
0.0247157
0.0245765
0.0240655
0.0245269
0.0245924
0.0241012
0.0244758
0.0243943
0.024004
0.0243804
0.0239571
0.0242102
0.0240947
0.0238636
0.0245172
0.0242283
0.0237657
0.024032
0.0239422
0.0240148
0.0240576
0.0241004
0.0239049
0.0241138
0.0237902
0.0237976
0.0240828
0.0237896
0.0241308
0.0239347
0.0236104
0.0234601
0.023779
0.0236326
0.0240556
0.0234378
0.0240559
0.0235802
0.0236495
0.0234399
0.0235803
0.0235946
0.023633
0.0239154
0.0235405
0.0235264
0.0234711
0.0233656
0.0234829
0.0228609
0.023737
0.0233956
0.0231636
0.0235755
0.0235732
0.0232184
0.0236999
0.0235565
0.0237286
0.0233072
0.0234433
0.0233985
0.0235634
0.0231965
0.0233603
0.0233219
0.0232573
0.0232253
0.023024
0.0229889
0.0233297
0.023048
0.0230772
0.0228927
0.023243
0.0231943
0.023163
0.0226314
0.0233891
0.0231349
0.0229291
0.0230692
0.0232015
0.0229693
0.0229203
0.0234028
0.0229227
0.0229116
0.0229793
0.0231135
0.0225623
0.0226442
0.0231309
0.0233657
0.0228142
0.022716
0.0228906
0.0230966
0.0229682
0.0231086
0.0227363
0.023053
0.0229371
0.0231541
0.0226541
0.0229449
0.0228986
0.0225291
0.0228242
0.0226866
0.0227398
0.0231449
0.0225171
0.0229497
0.0231337
0.022802
0.0225405
0.022732
0.0226903
0.0226581
0.0228833
0.022799
0.0225641
0.022366
0.0228997
0.0228031
0.0227449
0.0225019
0.0224073
0.0228409
0.0226501
0.0226106
0.0229449
0.0225605
0.0227604
0.0224152
0.0225
0.0224334
0.0224009
0.0225012
0.0221454
0.0222187
0.0226531
0.0221629
0.0224321
0.0227033
0.0225912
0.0222078
0.0224472
0.0224853
0.0222746
0.0225173
0.0224158
0.0224529
0.0223761
0.0222934
0.0222762
0.022309
0.0220783
0.022326
0.0225343
0.0223282
0.0224749
0.0222209
0.0220931
0.0221832
0.0223961
0.0221442
0.0222777
0.0221693
0.0218891
0.0216839
0.0222931
0.0221726
0.0221371
0.0220124
0.0221291
0.0220895
0.0218529
0.0218599
0.0222853
0.0218407
0.0220478
0.0220151
0.0223085
0.0220277
0.0218026
0.0217394
0.0222034
0.0217
0.0215455
0.0215209
0.0216623
0.0215915
0.0214565
0.021409
0.021584
0.0211511
0.0213878
0.021381
0.0210894
0.0212461
0.0214551
0.0216017
0.0214675
0.021133
0.0212795
0.0211294
0.0212402
0.0211645
0.0211179
0.0209322
0.0209637
0.0209322
0.0211193
0.0209524
0.0212623
0.0212262
0.0206089
0.0210623
0.0210371
0.0206966
0.0206348
0.0207052
0.0207425
0.0208669
0.0205979
0.020814
0.0205699
0.0209141
0.0207195
0.0203973
0.0204876
0.0208203
0.020347
0.0204559
0.0204316
0.0206155
0.0204129
0.0208403
0.020334
0.0205255
0.0206755
0.0205129
0.0200973
0.0203397
0.0204585
0.0203017
0.0202648
0.0204072
0.0202322
0.0200995
0.0204935
0.0204088
0.0200746
0.0200982
0.0203399
0.0203845
0.0199989
0.0203521
0.020097
0.0199441
0.0200235
0.020043
0.0201327
0.0200417
0.0203814
0.0198089
0.019836
0.0200499
0.0200876
0.0199873
0.0201295
0.0201649
0.0197855
0.019827
0.0196689
0.0200116
0.0198811
0.0197532
0.0197342
0.019569
0.0197865
0.0199125
0.0196356
0.0196126
0.0198897
0.0197561
0.0197443
0.0196958
0.0195821
0.0198468
0.0199066
0.0197658
0.019682
0.0195258
0.0195951
0.0195655
0.01976
0.0194966
0.0194438
0.0196465
0.0194256
0.0195774
0.0194839
0.0197383
0.019423
0.01952
0.0195529
0.0194726
0.0193578
0.0195478
0.0198422
0.0193181
0.0195907
0.0191789
0.0193965
0.0193918
0.0193322
0.0193415
0.0194779
0.0192514
0.0195349
0.0195639
0.0191831
0.0194146
0.0192644
0.019436
0.0193464
0.0193334
0.0192639
0.0192738
0.0192383
0.0190972
0.0192216
0.0192129
0.0192028
0.0194505
0.0193412
0.0192568
0.0191133
0.019437
0.0189679
0.0192072
0.0192536
0.0190634
0.0194751
0.0189332
0.0191896
0.0190618
0.019227
0.0193283
0.0192389
0.0189393
0.0192223
0.0190735
0.0192692
0.0192288
0.0191492
0.0190581
0.0192639
0.0190095
0.0190211
0.0189146
0.0190837
0.0192534
0.0190601
0.0189455
0.01889
0.0191271
0.0188027
0.0189837
0.0194042
0.0189936
0.0192426
0.0190571
0.0189704
0.0189627
0.0191015
0.0189741
0.0189077
0.0187183
0.0187641
0.0187795
0.0190788
0.0188493
0.0190052
0.0187824
0.0188518
0.0190825
0.0187199
0.0189693
0.0190286
0.0188951
0.0188552
0.0189122
0.0189052
0.0189436
0.0188474
0.0188989
0.0187433
0.0189966
0.0188475
0.0186987
0.0186862
0.0186045
0.0189431
0.0187938
0.0188011
0.0189368
0.0188341
0.0189878
0.0189674
0.0187412
0.0189617
0.0188883
0.0189609
0.0186693
0.0185961
0.0189012
0.0187323
0.0187504
0.0188975
0.0187338
0.0187783
0.0187812
0.0186544
0.0186712
0.0187259
0.0185709
0.0186331
0.0186812
0.0186761
0.0186516
0.0184357
0.0184716
0.0186429
0.0188657
0.0188107
0.0186874
0.0185634
0.0188839
0.0187378
0.0184726
0.0185891
0.0186651
0.0188565
0.0184954
0.0185781
0.0186192
0.0187181
0.0187184
0.018737
0.0184473
0.0184605
0.0184352
0.0185726
0.0185378
0.0185688
0.0184332
0.0185236
0.0186176
0.0184083
0.0184012
0.018628
0.018685
0.0184811
0.0184412
0.0185767
0.0183592
0.0184227
0.0185699
0.0187371
0.0187643
0.0184406
0.0184928
0.0184957
0.0184887
0.0185965
0.0186322
0.0186995
0.0183898
0.0183008
0.0184596
0.0185709
0.0184114
0.0184011
0.0183747
0.0183404
0.0186906
0.0183989
0.0182976
0.0184101
0.0183879
0.0185983
0.0184213
0.0184032
0.0185984
0.0184402
0.0184311
0.0183548
0.0186737
0.0184119
0.0184298
0.0183404
0.0183616
0.0184035
0.0182819
0.0182915
0.0183467
0.0181968
0.0181994
0.0186315
0.0184978
0.0182979
0.0183144
0.0185624
0.0181112
0.0180915
0.018408
0.0183548
0.0184185
0.0182978
0.0183677
0.0184466
0.0182829
0.0184399
0.0183579
0.0182825
0.0183482
0.0184991
0.0182773
0.0184908
0.0182381
0.0182432
0.0183949
0.0181993
0.0181846
0.0185483
0.0181694
0.0182778
0.018266
0.0184783
0.0183773
0.0181742
0.0181673
0.0182723
0.0183443
0.0182077
0.0182952
0.0183842
0.0181793
0.0181402
0.0181105
0.0181901
0.0182423
0.0181631
0.0184061
0.0182574
0.0179817
0.0181415
0.0182726
0.0183068
0.0180289
0.0181493
0.018529
0.0180193
0.0178958
0.0182838
0.0182174
0.0182585
0.0182597
0.0182452
0.0182957
0.018161
0.0180803
0.0181605
0.0182345
0.0180897
0.0182607
0.0181394
0.0180153
0.0183865
0.0183337
0.0181202
0.0181576
0.0181453
0.0183655
0.018177
0.0179225
0.0180855
0.0182102
0.0181949
0.0179999
0.0181857
0.017925
0.0180976
0.0181093
0.0182444
0.0181806
0.0180172
0.0180255
0.0183021
0.0180997
0.0181834
0.0182857
0.0180699
0.0181868
0.0181129
0.0181132
0.0180783
0.0179918
0.018046
0.0182
0.0181144
0.0179683
0.0181343
0.0181091
0.01814
0.017989
0.0181179
0.018182
0.0180077
0.0178919
0.0180827
0.0180899
0.0182064
0.0179513
0.0179662
0.018101
0.0180204
0.0179152
0.0181186
0.0182057
0.0178305
0.0181445
0.0181578
0.0182441
0.0179126
0.018104
0.0179022
0.0180527
0.0179261
0.0180351
0.0179275
0.0183226
0.0177596
0.0180878
0.018038
0.0179304
0.0179034
0.018078
0.0180706
0.0179252
0.0181545
0.018102
0.0182063
0.017812
0.0180022
0.0180092
0.0179773
0.0179006
0.0180022
0.0179189
0.018259
0.0179439
0.0180113
0.0180571
0.0178574
0.0178865
0.0179041
0.017937
0.0179902
0.0179702
0.0179217
0.0180045
0.0179692
0.0180003
0.0179629
0.0180236
0.017927
0.0178693
0.0178311
0.0179698
0.0180002
0.0178708
0.0178166
0.0177903
0.0178348
0.0178861
0.0179204
0.0177716
0.0179339
0.0178546
0.0176473
0.0181818
0.0180513
0.0178329
0.0179085
0.017848
0.017724
0.0180133
0.0177823
0.0179341
0.0176425
0.0178785
0.0179383
0.0178655
0.017947
0.0177463
0.0178289
0.0177682
0.0180124
0.0177773
0.0178707
0.0179557
0.018008
0.0178023
0.0181447
0.0179978
0.0178443
0.0179616
0.0175943
0.018052
0.0178824
0.0178394
0.017841
0.0180778
0.0177956
0.0177425
0.0178397
0.0178066
0.0180253
0.0177468
0.0177426
0.0177203
0.0176693
0.0180046
0.0177587
0.0177966
0.0177797
0.0177573
0.0176705
0.0178254
0.0178448
0.0178316
0.0179099
0.0177891
0.0179193
0.0178061
0.0177323
0.0175259
0.017951
0.0178961
0.0179058
0.0177924
0.0177834
0.0178248
0.0179304
0.0178777
0.0177264
0.0177608
0.0177652
0.0175418
0.0177312
0.0177705
0.0179826
0.0178028
0.0177504
0.0177655
0.017485
0.0176695
0.0177655
0.0174979
0.0177399
0.0178184
0.0177507
0.0178156
0.0176799
0.0175908
0.0176412
0.0175337
0.0176415
0.0178073
0.0178191
0.017753
0.0177543
0.0178484
0.0176355
0.0178255
0.0177359
0.0178701
0.0176399
0.0175101
0.0175361
0.0175927
0.0176873
0.0176559
0.0177536
0.0178179
0.0178406
0.0177624
0.0177066
0.0177431
0.0175635
0.0176016
0.0174624
0.0177058
0.0175891
0.0175988
0.0177262
0.0174986
0.0177669
0.017585
0.0176532
0.0177247
0.017726
0.0177099
0.0176834
0.017572
0.017619
0.0177993
0.0176039
