0.018514
0.0185267
0.0185364
0.0185427
0.0185468
0.0185492
0.0185505
0.018551
0.0185509
0.0185504
0.0185497
0.0185487
0.0185476
0.0185464
0.0185451
0.0185437
0.0185423
0.0185409
0.0185395
0.018538
0.0185366
0.0185351
0.0185337
0.0185322
0.0185308
0.0185294
0.018528
0.0185266
0.0185252
0.0185238
0.0185225
0.0185212
0.0185199
0.0185186
0.0185173
0.0185161
0.0185148
0.0185136
0.0185124
0.0185112
0.0185101
0.0185089
0.0185078
0.0185067
0.0185056
0.0185045
0.0185034
0.0185023
0.0185013
0.0185003
0.0184993
0.0184983
0.0184973
0.0184963
0.0184953
0.0184944
0.0184934
0.0184925
0.0184916
0.0184907
0.0184898
0.0184889
0.018488
0.0184871
0.0184863
0.0184854
0.0184846
0.0184837
0.0184829
0.0184821
0.0184813
0.0184805
0.0184797
0.0184789
0.0184781
0.0184773
0.0184766
0.0184758
0.018475
0.0184743
0.0184735
0.0184728
0.0184721
0.0184713
0.0184706
0.0184699
0.0184692
0.0184685
0.0184678
0.0184671
0.0184664
0.0184657
0.018465
0.0184644
0.0184637
0.018463
0.0184623
0.0184617
0.018461
0.0184604
