0.0226912
0.0227188
0.0227258
0.0227273
0.0227243
0.0227185
0.022711
0.0227026
0.0226936
0.0226844
0.0226749
0.0226654
0.0226558
0.0226462
0.0226366
0.0226271
0.0226176
0.0226082
0.0225988
0.0225895
0.0225803
0.0225711
0.022562
0.0225529
0.0225439
0.022535
0.0225261
0.0225173
0.0225085
0.0224998
0.0224912
0.0224826
0.0224741
0.0224656
0.0224571
0.0224488
0.0224404
0.0224321
0.0224239
0.0224157
0.0224075
0.0223994
0.0223914
0.0223833
0.0223754
0.0223674
0.0223595
0.0223517
0.0223438
0.0223361
0.0223283
0.0223206
0.0223129
0.0223053
0.0222977
0.0222901
0.0222826
0.0222751
0.0222677
0.0222602
0.0222528
0.0222455
0.0222381
0.0222308
0.0222236
0.0222163
0.0222091
0.0222019
0.0221948
0.0221877
0.0221806
0.0221735
0.0221665
0.0221595
0.0221525
0.0221455
0.0221386
0.0221317
0.0221249
0.022118
0.0221112
0.0221044
0.0220976
0.0220909
0.0220842
0.0220775
0.0220708
0.0220642
0.0220575
0.022051
0.0220444
0.0220378
0.0220313
0.0220248
0.0220183
0.0220119
0.0220054
0.021999
0.0219926
0.0219863
