0.0407532
0.040884
0.0409445
0.0409915
0.0410286
0.041058
0.0410808
0.0410977
0.0411092
0.0411154
0.0411168
0.0411136
0.041106
0.0410942
0.0410785
0.041059
0.041036
0.0410097
0.0409802
0.0409477
0.0409125
0.0408747
0.0408343
0.0407917
0.0407469
0.0407001
0.0406513
0.0406009
0.0405488
0.0404952
0.0404402
0.040384
0.0403266
0.0402681
0.0402087
0.0401485
0.0400875
0.0400258
0.0399635
0.0399008
0.0398376
0.0397741
0.0397103
0.0396463
0.0395822
0.0395179
0.0394536
0.0393893
0.0393251
0.039261
0.0391969
0.0391331
0.0390695
0.0390061
0.038943
0.0388802
0.0388177
0.0387555
0.0386937
0.0386323
0.0385713
0.0385106
0.0384505
0.0383907
0.0383314
0.0382726
0.0382142
0.0381563
0.0380989
0.038042
0.0379855
0.0379296
0.0378742
0.0378192
0.0377648
0.0377109
0.0376574
0.0376045
0.0375521
0.0375002
0.0374488
0.037398
0.0373476
0.0372977
0.0372484
0.0371995
0.0371511
0.0371033
0.0370559
0.0370091
0.0369627
0.0369168
0.0368714
0.0368265
0.0367821
0.0367382
0.0366948
0.0366518
0.0366093
0.0365673
