0.0147371
0.0149491
0.0153605
0.01593
0.0163521
0.0165048
0.0164753
0.0163742
0.0162644
0.01617
0.0160961
0.0160406
0.016
0.0159707
0.0159497
0.0159346
0.0159236
0.0159155
0.0159094
0.0159046
0.0159007
0.0158974
0.0158946
0.0158922
0.0158902
0.0158886
0.0158874
0.0158866
0.0158862
0.0158863
0.0158868
0.0158878
0.0158894
0.0158916
0.0158944
0.0158979
0.015902
0.0159069
0.0159125
0.015919
0.0159264
0.0159346
0.0159438
0.0159541
0.0159654
0.0159778
0.0159915
0.0160063
0.0160225
0.0160399
0.0160588
0.0160791
0.0161009
0.0161242
0.0161491
0.0161756
0.0162037
0.0162333
0.0162646
0.0162975
0.016332
0.016368
0.0164056
0.0164445
0.0164848
0.0165264
0.0165692
0.016613
0.0166577
0.0167032
0.0167494
0.0167961
0.0168431
0.0168904
0.0169378
0.0169852
0.0170323
0.0170792
0.0171256
0.0171715
0.0172169
0.0172615
0.0173054
0.0173484
0.0173906
0.0174319
0.0174723
0.0175118
0.0175503
0.0175879
0.0176246
0.0176603
0.0176951
0.0177291
0.0177621
0.0177943
0.0178257
0.0178563
0.0178861
0.0179152
