0.0308597
0.0309726
0.0310099
0.0310374
0.0310573
0.031071
0.0310801
0.0310855
0.0310881
0.0310886
0.0310874
0.031085
0.0310816
0.0310775
0.0310729
0.0310678
0.0310623
0.0310566
0.0310506
0.0310445
0.0310383
0.0310319
0.0310254
0.0310189
0.0310123
0.0310056
0.0309989
0.0309922
0.0309854
0.0309786
0.0309717
0.0309649
0.030958
0.0309512
0.0309443
0.0309374
0.0309304
0.0309235
0.0309166
0.0309096
0.0309027
0.0308957
0.0308888
0.0308818
0.0308748
0.0308678
0.0308609
0.0308539
0.0308469
0.0308399
0.0308329
0.0308259
0.0308189
0.0308118
0.0308048
0.0307978
0.0307908
0.0307837
0.0307767
0.0307697
0.0307626
0.0307556
0.0307485
0.0307415
0.0307344
0.0307274
0.0307203
0.0307133
0.0307062
0.0306991
0.030692
0.030685
0.0306779
0.0306708
0.0306637
0.0306566
0.0306495
0.0306424
0.0306353
0.0306282
0.0306211
0.030614
0.0306068
0.0305997
0.0305926
0.0305855
0.0305783
0.0305712
0.030564
0.0305569
0.0305498
0.0305426
0.0305354
0.0305283
0.0305211
0.0305139
0.0305068
0.0304996
0.0304924
0.0304852
