0.0133307
0.0133369
0.0133292
0.0133193
0.0133119
0.0133078
0.0133064
0.013307
0.0133088
0.013311
0.0133133
0.0133154
0.0133171
0.0133184
0.0133194
0.01332
0.0133203
0.0133203
0.0133202
0.0133199
0.0133196
0.0133191
0.0133186
0.013318
0.0133174
0.0133168
0.0133162
0.0133156
0.013315
0.0133144
0.0133137
0.0133131
0.0133124
0.0133118
0.0133112
0.0133105
0.0133099
0.0133093
0.0133086
0.013308
0.0133074
0.0133068
0.0133062
0.0133056
0.013305
0.0133044
0.0133038
0.0133032
0.0133026
0.0133021
0.0133015
0.0133009
0.0133004
0.0132999
0.0132993
0.0132988
0.0132983
0.0132978
0.0132972
0.0132967
0.0132963
0.0132958
0.0132953
0.0132948
0.0132943
0.0132939
0.0132934
0.0132929
0.0132925
0.013292
0.0132916
0.0132912
0.0132907
0.0132903
0.0132899
0.0132895
0.0132891
0.0132887
0.0132883
0.0132879
0.0132875
0.0132871
0.0132867
0.0132863
0.0132859
0.0132856
0.0132852
0.0132848
0.0132845
0.0132841
0.0132837
0.0132834
0.013283
0.0132827
0.0132823
0.013282
0.0132817
0.0132813
0.013281
0.0132807
