0.0189816
0.0189826
0.0189903
0.018995
0.0189973
0.0189978
0.0189971
0.0189954
0.018993
0.0189902
0.0189871
0.0189838
0.0189803
0.0189768
0.0189731
0.0189695
0.0189658
0.0189622
0.0189585
0.0189549
0.0189513
0.0189478
0.0189443
0.0189408
0.0189374
0.0189341
0.0189308
0.0189275
0.0189243
0.0189212
0.0189181
0.018915
0.018912
0.0189091
0.0189062
0.0189034
0.0189006
0.0188978
0.0188951
0.0188925
0.0188899
0.0188873
0.0188848
0.0188823
0.0188799
0.0188775
0.0188751
0.0188728
0.0188705
0.0188682
0.018866
0.0188638
0.0188616
0.0188595
0.0188574
0.0188554
0.0188533
0.0188513
0.0188493
0.0188474
0.0188454
0.0188435
0.0188417
0.0188398
0.018838
0.0188362
0.0188344
0.0188326
0.0188309
0.0188292
0.0188275
0.0188258
0.0188241
0.0188225
0.0188209
0.0188193
0.0188177
0.0188161
0.0188145
0.018813
0.0188115
0.01881
0.0188085
0.018807
0.0188055
0.0188041
0.0188027
0.0188012
0.0187998
0.0187984
0.0187971
0.0187957
0.0187943
0.018793
0.0187916
0.0187903
0.018789
0.0187877
0.0187864
0.0187851
