0.0140765
0.0140921
0.0140949
0.014093
0.0140899
0.014087
0.0140845
0.0140826
0.0140809
0.0140795
0.0140782
0.014077
0.0140758
0.0140745
0.0140733
0.0140721
0.0140708
0.0140695
0.0140682
0.0140669
0.0140656
0.0140643
0.0140631
0.0140618
0.0140605
0.0140592
0.014058
0.0140568
0.0140555
0.0140543
0.0140531
0.014052
0.0140508
0.0140497
0.0140485
0.0140474
0.0140463
0.0140452
0.0140441
0.014043
0.014042
0.014041
0.0140399
0.0140389
0.0140379
0.0140369
0.014036
0.014035
0.0140341
0.0140331
0.0140322
0.0140313
0.0140304
0.0140295
0.0140286
0.0140277
0.0140269
0.014026
0.0140252
0.0140243
0.0140235
0.0140227
0.0140219
0.0140211
0.0140203
0.0140195
0.0140187
0.0140179
0.0140172
0.0140164
0.0140157
0.0140149
0.0140142
0.0140134
0.0140127
0.014012
0.0140113
0.0140106
0.0140099
0.0140092
0.0140085
0.0140078
0.0140071
0.0140065
0.0140058
0.0140051
0.0140045
0.0140038
0.0140032
0.0140025
0.0140019
0.0140012
0.0140006
0.014
0.0139993
0.0139987
0.0139981
0.0139975
0.0139968
0.0139962
