0.016134
0.01614
0.01614
0.0161391
0.0161387
0.0161385
0.0161383
0.0161379
0.0161371
0.0161361
0.0161347
0.0161331
0.0161313
0.0161293
0.0161273
0.0161252
0.016123
0.0161208
0.0161185
0.0161163
0.016114
0.0161117
0.0161095
0.0161072
0.016105
0.0161028
0.0161006
0.0160984
0.0160962
0.016094
0.0160919
0.0160898
0.0160877
0.0160856
0.0160835
0.0160815
0.0160795
0.0160775
0.0160755
0.0160736
0.0160717
0.0160697
0.0160679
0.016066
0.0160641
0.0160623
0.0160605
0.0160587
0.0160569
0.0160552
0.0160534
0.0160517
0.01605
0.0160483
0.0160467
0.016045
0.0160434
0.0160417
0.0160401
0.0160385
0.0160369
0.0160354
0.0160338
0.0160323
0.0160308
0.0160293
0.0160278
0.0160263
0.0160248
0.0160233
0.0160219
0.0160205
0.016019
0.0160176
0.0160162
0.0160148
0.0160134
0.0160121
0.0160107
0.0160093
0.016008
0.0160067
0.0160053
0.016004
0.0160027
0.0160014
0.0160001
0.0159989
0.0159976
0.0159963
0.0159951
0.0159938
0.0159926
0.0159914
0.0159901
0.0159889
0.0159877
0.0159865
0.0159853
0.0159841
