0.0160075
0.016015
0.0160148
0.0160127
0.0160105
0.0160086
0.016007
0.0160054
0.0160039
0.0160023
0.0160007
0.015999
0.0159972
0.0159953
0.0159934
0.0159915
0.0159895
0.0159876
0.0159856
0.0159836
0.0159816
0.0159796
0.0159777
0.0159757
0.0159737
0.0159718
0.0159698
0.0159679
0.015966
0.0159641
0.0159622
0.0159603
0.0159585
0.0159567
0.0159548
0.015953
0.0159512
0.0159495
0.0159477
0.0159459
0.0159442
0.0159425
0.0159408
0.0159391
0.0159374
0.0159358
0.0159341
0.0159325
0.0159309
0.0159293
0.0159277
0.0159261
0.0159245
0.015923
0.0159214
0.0159199
0.0159184
0.0159169
0.0159154
0.0159139
0.0159124
0.015911
0.0159095
0.0159081
0.0159067
0.0159053
0.0159038
0.0159024
0.0159011
0.0158997
0.0158983
0.015897
0.0158956
0.0158943
0.0158929
0.0158916
0.0158903
0.015889
0.0158877
0.0158864
0.0158851
0.0158838
0.0158826
0.0158813
0.0158801
0.0158788
0.0158776
0.0158763
0.0158751
0.0158739
0.0158727
0.0158715
0.0158703
0.0158691
0.0158679
0.0158667
0.0158656
0.0158644
0.0158633
0.0158621
