0.0853951
0.0849088
0.0843952
0.0838715
0.0833384
0.0827964
0.0822463
0.0816887
0.0811245
0.0805544
0.0799792
0.0793996
0.0788166
0.0782309
0.0776434
0.0770547
0.0764658
0.0758774
0.0752902
0.074705
0.0741224
0.0735431
0.0729677
0.0723968
0.071831
0.0712707
0.0707165
0.0701688
0.069628
0.0690945
0.0685687
0.0680508
0.0675412
0.0670401
0.0665477
0.0660642
0.0655899
0.0651247
0.0646689
0.0642225
0.0637856
0.0633582
0.0629404
0.0625322
0.0621336
0.0617445
0.0613649
0.0609946
0.0606338
0.0602822
0.0599397
0.0596063
0.0592818
0.058966
0.058659
0.0583604
0.0580701
0.0577881
0.057514
0.0572478
0.0569893
0.0567383
0.0564946
0.056258
0.0560285
0.0558057
0.0555895
0.0553798
0.0551763
0.0549789
0.0547875
0.0546017
0.0544215
0.0542467
0.0540771
0.0539126
0.053753
0.0535982
0.0534479
0.0533021
0.0531606
0.0530232
0.0528899
0.0527604
0.0526347
0.0525125
0.0523939
0.0522786
0.0521665
0.0520576
0.0519517
0.0518487
0.0517485
0.0516509
0.051556
0.0514636
0.0513736
0.0512859
0.0512004
0.051117
