0.033585
0.0339181
0.0340721
0.0341915
0.0342905
0.0343716
0.0344362
0.0344851
0.0345198
0.0345418
0.0345527
0.0345538
0.0345466
0.0345322
0.0345118
0.0344863
0.0344566
0.0344234
0.0343874
0.034349
0.0343087
0.034267
0.0342242
0.0341805
0.0341362
0.0340914
0.0340465
0.0340013
0.0339562
0.0339111
0.0338661
0.0338213
0.0337766
0.0337322
0.033688
0.0336441
0.0336004
0.033557
0.0335138
0.0334708
0.0334281
0.0333855
0.0333432
0.033301
0.033259
0.0332172
0.0331755
0.0331339
0.0330924
0.0330511
0.0330098
0.0329687
0.0329276
0.0328866
0.0328456
0.0328047
0.0327639
0.0327231
0.0326824
0.0326417
0.032601
0.0325604
0.0325198
0.0324793
0.0324389
0.0323984
0.0323581
0.0323177
0.0322775
0.0322373
0.0321971
0.0321571
0.0321171
0.0320771
0.0320373
0.0319976
0.0319579
0.0319184
0.031879
0.0318396
0.0318004
0.0317614
0.0317224
0.0316836
0.0316449
0.0316064
0.0315681
0.0315299
0.0314918
0.031454
0.0314163
0.0313788
0.0313415
0.0313044
0.0312674
0.0312307
0.0311942
0.0311579
0.0311218
0.0310859
