0.0142987
0.0146593
0.015229
0.0160991
0.0171214
0.0181576
0.0191535
0.0200857
0.0209291
0.0216637
0.0222845
0.0227988
0.0232191
0.023558
0.0238277
0.0240396
0.024204
0.0243302
0.0244257
0.0244967
0.0245482
0.0245841
0.0246075
0.0246209
0.0246261
0.0246249
0.0246184
0.0246077
0.0245937
0.0245771
0.0245585
0.0245385
0.0245175
0.0244959
0.0244739
0.024452
0.0244303
0.0244089
0.0243882
0.0243681
0.0243489
0.0243306
0.0243132
0.0242969
0.0242816
0.0242673
0.0242542
0.0242421
0.0242311
0.0242211
0.0242122
0.0242043
0.0241973
0.0241914
0.0241863
0.0241822
0.024179
0.0241765
0.0241749
0.0241741
0.024174
0.0241746
0.0241759
0.0241779
0.0241805
0.0241837
0.0241875
0.0241918
0.0241966
0.0242019
0.0242077
0.0242139
0.0242206
0.0242276
0.0242351
0.0242428
0.0242509
0.0242594
0.0242681
0.0242771
0.0242863
0.0242958
0.0243055
0.0243155
0.0243256
0.0243359
0.0243463
0.0243569
0.0243677
0.0243786
0.0243895
0.0244006
0.0244118
0.0244231
0.0244344
0.0244458
0.0244572
0.0244687
0.0244802
0.0244918
