0.0156926
0.0156097
0.0155836
0.0156789
0.0158256
0.0159216
0.0159327
0.0158859
0.0158197
0.0157582
0.01571
0.0156752
0.0156508
0.0156333
0.0156198
0.015608
0.0155968
0.0155854
0.0155738
0.0155621
0.0155504
0.0155391
0.0155281
0.0155177
0.0155077
0.0154982
0.0154891
0.0154804
0.0154721
0.0154642
0.0154565
0.0154492
0.0154422
0.0154355
0.0154291
0.0154229
0.015417
0.0154114
0.015406
0.0154009
0.015396
0.0153914
0.0153869
0.0153827
0.0153787
0.0153749
0.0153712
0.0153678
0.0153645
0.0153614
0.0153584
0.0153556
0.015353
0.0153505
0.0153481
0.0153459
0.0153438
0.0153418
0.01534
0.0153382
0.0153366
0.015335
0.0153336
0.0153323
0.015331
0.0153299
0.0153288
0.0153278
0.0153269
0.015326
0.0153253
0.0153246
0.0153239
0.0153233
0.0153228
0.0153223
0.0153219
0.0153215
0.0153212
0.0153209
0.0153207
0.0153205
0.0153203
0.0153202
0.0153201
0.01532
0.01532
0.01532
0.01532
0.0153201
0.0153201
0.0153202
0.0153203
0.0153205
0.0153206
0.0153208
0.015321
0.0153212
0.0153214
0.0153216
