0.0177073
0.0176967
0.0176941
0.0176941
0.0176948
0.0176957
0.0176965
0.0176972
0.0176979
0.0176986
0.0176992
0.0176998
0.0177003
0.0177009
0.0177014
0.0177019
0.0177024
0.0177029
0.0177034
0.0177038
0.0177042
0.0177046
0.017705
0.0177054
0.0177057
0.0177061
0.0177064
0.0177067
0.017707
0.0177073
0.0177075
0.0177078
0.017708
0.0177082
0.0177084
0.0177086
0.0177088
0.017709
0.0177092
0.0177093
0.0177095
0.0177096
0.0177098
0.0177099
0.01771
0.0177102
0.0177103
0.0177104
0.0177105
0.0177106
0.0177107
0.0177108
0.0177109
0.017711
0.0177111
0.0177111
0.0177112
0.0177113
0.0177114
0.0177115
0.0177115
0.0177116
0.0177117
0.0177117
0.0177118
0.0177119
0.0177119
0.017712
0.017712
0.0177121
0.0177122
0.0177122
0.0177123
0.0177123
0.0177124
0.0177125
0.0177125
0.0177126
0.0177126
0.0177127
0.0177127
0.0177128
0.0177129
0.0177129
0.017713
0.017713
0.0177131
0.0177131
0.0177132
0.0177132
0.0177133
0.0177133
0.0177134
0.0177135
0.0177135
0.0177136
0.0177136
0.0177137
0.0177137
0.0177138
0.0177139
0.0177139
0.017714
0.017714
0.0177141
0.0177141
0.0177142
0.0177142
0.0177143
0.0177144
0.0177144
0.0177145
0.0177145
0.0177146
0.0177146
0.0177147
0.0177148
0.0177148
0.0177149
0.0177149
0.017715
0.017715
0.0177151
0.0177152
0.0177152
0.0177153
0.0177153
0.0177154
0.0177154
0.0177155
0.0177156
0.0177156
0.0177157
0.0177157
0.0177158
0.0177158
0.0177159
0.017716
0.017716
0.0177161
0.0177161
0.0177162
0.0177162
0.0177163
0.0177164
0.0177164
0.0177165
0.0177165
0.0177166
0.0177166
0.0177167
0.0177167
0.0177168
0.0177169
0.0177169
0.017717
0.017717
0.0177171
0.0177171
0.0177172
0.0177172
0.0177173
0.0177173
0.0177174
0.0177174
0.0177175
0.0177175
0.0177176
0.0177176
0.0177177
0.0177178
0.0177178
0.0177179
0.0177179
0.017718
0.017718
0.0177181
0.0177181
0.0177182
0.0177182
0.0177183
0.0177183
0.0177184
0.0177184
0.0177184
0.0177185
0.0177185
0.0177186
0.0177186
0.0177187
0.0177187
0.0177188
0.0177188
0.0177189
0.0177189
0.017719
0.017719
0.017719
0.0177191
0.0177191
0.0177192
0.0177192
0.0177193
0.0177193
0.0177193
0.0177194
0.0177194
0.0177195
0.0177195
0.0177196
0.0177196
0.0177196
0.0177197
0.0177197
0.0177198
0.0177198
0.0177198
0.0177199
0.0177199
0.0177199
0.01772
0.01772
0.0177201
0.0177201
0.0177201
0.0177202
0.0177202
0.0177202
0.0177203
0.0177203
0.0177203
0.0177204
0.0177204
0.0177204
0.0177205
0.0177205
0.0177205
0.0177206
0.0177206
0.0177206
0.0177207
0.0177207
0.0177207
0.0177207
0.0177208
0.0177208
0.0177208
0.0177209
0.0177209
0.0177209
0.0177209
0.017721
0.017721
0.017721
0.0177211
0.0177211
0.0177211
0.0177211
0.0177211
0.0177212
0.0177212
0.0177212
0.0177212
0.0177213
0.0177213
0.0177213
0.0177213
0.0177214
0.0177214
0.0177214
0.0177214
0.0177214
0.0177214
0.0177215
0.0177215
0.0177215
0.0177215
0.0177215
0.0177216
0.0177216
0.0177216
0.0177216
0.0177216
0.0177216
0.0177216
0.0177217
0.0177217
0.0177217
0.0177217
0.0177217
0.0177217
0.0177217
0.0177217
0.0177218
0.0177218
0.0177218
0.0177218
0.0177218
0.0177218
0.0177218
0.0177218
0.0177218
0.0177218
0.0177218
0.0177219
0.0177219
0.0177219
0.0177219
0.0177219
0.0177219
0.0177219
0.0177219
0.0177219
0.0177219
0.0177219
0.0177219
0.0177219
0.0177219
0.0177219
0.0177219
0.0177219
0.0177219
0.0177219
0.0177219
0.0177219
0.0177219
0.0177219
0.0177219
0.0177219
0.0177219
0.0177219
0.0177219
0.0177219
0.0177219
0.0177219
0.0177219
0.0177219
0.0177219
0.0177218
0.0177218
0.0177218
0.0177218
0.0177218
0.0177218
0.0177218
0.0177218
0.0177218
0.0177218
0.0177218
0.0177217
0.0177217
0.0177217
0.0177217
0.0177217
0.0177217
0.0177217
0.0177217
0.0177216
0.0177216
0.0177216
0.0177216
0.0177216
0.0177216
0.0177215
0.0177215
0.0177215
0.0177215
0.0177215
0.0177215
0.0177214
0.0177214
0.0177214
0.0177214
0.0177214
0.0177213
0.0177213
0.0177213
0.0177213
0.0177212
0.0177212
0.0177212
0.0177212
0.0177212
0.0177211
0.0177211
0.0177211
0.017721
0.017721
0.017721
0.017721
0.0177209
0.0177209
0.0177209
0.0177209
0.0177208
0.0177208
0.0177208
0.0177207
0.0177207
0.0177207
0.0177206
0.0177206
0.0177206
0.0177205
0.0177205
0.0177205
0.0177204
0.0177204
0.0177204
0.0177203
0.0177203
0.0177203
0.0177202
0.0177202
0.0177202
0.0177201
0.0177201
0.01772
0.01772
0.01772
0.0177199
0.0177199
0.0177198
0.0177198
0.0177198
0.0177197
0.0177197
0.0177196
0.0177196
0.0177195
0.0177195
0.0177195
0.0177194
0.0177194
0.0177193
0.0177193
0.0177192
0.0177192
0.0177191
0.0177191
0.017719
0.017719
0.0177189
0.0177189
0.0177188
0.0177188
0.0177187
0.0177187
0.0177186
0.0177186
0.0177185
0.0177185
0.0177184
0.0177184
0.0177183
0.0177183
0.0177182
0.0177182
0.0177181
0.0177181
0.017718
0.0177179
0.0177179
0.0177178
0.0177178
0.0177177
0.0177177
0.0177176
0.0177175
0.0177175
0.0177174
0.0177174
0.0177173
0.0177172
0.0177172
0.0177171
0.0177171
0.017717
0.0177169
0.0177169
0.0177168
0.0177167
0.0177167
0.0177166
0.0177165
0.0177165
0.0177164
0.0177163
0.0177163
0.0177162
0.0177161
0.0177161
0.017716
0.0177159
0.0177159
0.0177158
0.0177157
0.0177157
0.0177156
0.0177155
0.0177154
0.0177154
0.0177153
0.0177152
0.0177152
0.0177151
0.017715
0.0177149
0.0177149
0.0177148
0.0177147
0.0177146
0.0177146
0.0177145
0.0177144
0.0177143
0.0177142
0.0177142
0.0177141
0.017714
0.0177139
0.0177138
0.0177138
0.0177137
0.0177136
0.0177135
0.0177134
0.0177134
0.0177133
0.0177132
0.0177131
0.017713
0.0177129
0.0177129
0.0177128
0.0177127
0.0177126
0.0177125
0.0177124
0.0177123
0.0177123
0.0177122
0.0177121
0.017712
0.0177119
0.0177118
0.0177117
0.0177116
0.0177115
0.0177115
0.0177114
0.0177113
0.0177112
0.0177111
0.017711
0.0177109
0.0177108
0.0177107
0.0177106
0.0177105
0.0177104
0.0177103
0.0177102
0.0177101
0.01771
0.01771
0.0177099
0.0177098
0.0177097
0.0177096
0.0177095
0.0177094
0.0177093
0.0177092
0.0177091
0.017709
0.0177089
0.0177088
0.0177087
0.0177086
0.0177085
0.0177084
0.0177082
0.0177081
0.017708
0.0177079
0.0177078
0.0177077
0.0177076
0.0177075
0.0177074
0.0177073
0.0177072
0.0177071
0.017707
0.0177069
0.0177068
0.0177067
0.0177065
0.0177064
0.0177063
0.0177062
0.0177061
0.017706
0.0177059
0.0177058
0.0177057
0.0177055
0.0177054
0.0177053
0.0177052
0.0177051
0.017705
0.0177049
0.0177047
0.0177046
0.0177045
0.0177044
0.0177043
0.0177042
0.017704
0.0177039
0.0177038
0.0177037
0.0177036
0.0177035
0.0177033
0.0177032
0.0177031
0.017703
0.0177029
0.0177027
0.0177026
0.0177025
0.0177024
0.0177022
0.0177021
0.017702
0.0177019
0.0177017
0.0177016
0.0177015
0.0177014
0.0177012
0.0177011
0.017701
0.0177009
0.0177007
0.0177006
0.0177005
0.0177004
0.0177002
0.0177001
0.0177
0.0176998
0.0176997
0.0176996
0.0176994
0.0176993
0.0176992
0.0176991
0.0176989
0.0176988
0.0176987
0.0176985
0.0176984
0.0176983
0.0176981
0.017698
0.0176978
0.0176977
0.0176976
0.0176974
0.0176973
0.0176972
0.017697
0.0176969
0.0176968
0.0176966
0.0176965
0.0176963
0.0176962
0.0176961
0.0176959
0.0176958
0.0176956
0.0176955
0.0176954
0.0176952
0.0176951
0.0176949
0.0176948
0.0176946
0.0176945
0.0176943
0.0176942
0.0176941
0.0176939
0.0176938
0.0176936
0.0176935
0.0176933
0.0176932
0.017693
0.0176929
0.0176927
0.0176926
0.0176924
0.0176923
0.0176921
0.017692
0.0176918
0.0176917
0.0176915
0.0176914
0.0176912
0.0176911
0.0176909
0.0176908
0.0176906
0.0176905
0.0176903
0.0176902
0.01769
0.0176899
0.0176897
0.0176895
0.0176894
0.0176892
0.0176891
0.0176889
0.0176888
0.0176886
0.0176884
0.0176883
0.0176881
0.017688
0.0176878
0.0176876
0.0176875
0.0176873
0.0176872
0.017687
0.0176868
0.0176867
0.0176865
0.0176864
0.0176862
0.017686
0.0176859
0.0176857
0.0176855
0.0176854
0.0176852
0.017685
0.0176849
0.0176847
0.0176845
0.0176844
0.0176842
0.017684
0.0176839
0.0176837
0.0176835
0.0176834
0.0176832
0.017683
0.0176829
0.0176827
0.0176825
0.0176823
0.0176822
0.017682
0.0176818
0.0176817
0.0176815
0.0176813
0.0176811
0.017681
0.0176808
0.0176806
0.0176804
0.0176803
0.0176801
0.0176799
0.0176797
0.0176796
0.0176794
0.0176792
0.017679
0.0176788
0.0176787
0.0176785
0.0176783
0.0176781
0.0176779
0.0176778
0.0176776
0.0176774
0.0176772
