0.0164277
0.016423
0.0164236
0.0164256
0.0164276
0.0164292
0.0164305
0.0164314
0.0164321
0.0164326
0.0164329
0.0164331
0.0164333
0.0164333
0.0164333
0.0164332
0.0164331
0.016433
0.0164329
0.0164328
0.0164326
0.0164324
0.0164323
0.0164321
0.016432
0.0164318
0.0164316
0.0164315
0.0164313
0.0164311
0.016431
0.0164308
0.0164306
0.0164305
0.0164303
0.0164302
0.01643
0.0164299
0.0164297
0.0164295
0.0164294
0.0164292
0.0164291
0.0164289
0.0164287
0.0164286
0.0164284
0.0164283
0.0164281
0.0164279
0.0164278
0.0164276
0.0164274
0.0164273
0.0164271
0.0164269
0.0164267
0.0164265
0.0164264
0.0164262
0.016426
0.0164258
0.0164256
0.0164255
0.0164253
0.0164251
0.0164249
0.0164247
0.0164245
0.0164243
0.0164241
0.0164239
0.0164237
0.0164235
0.0164233
0.0164231
0.0164229
0.0164227
0.0164225
0.0164223
0.0164221
0.0164219
0.0164217
0.0164215
0.0164212
0.016421
0.0164208
0.0164206
0.0164204
0.0164202
0.0164199
0.0164197
0.0164195
0.0164193
0.0164191
0.0164188
0.0164186
0.0164184
0.0164182
0.0164179
0.0164177
0.0164175
0.0164172
0.016417
0.0164168
0.0164165
0.0164163
0.0164161
0.0164158
0.0164156
0.0164154
0.0164151
0.0164149
0.0164147
0.0164144
0.0164142
0.0164139
0.0164137
0.0164135
0.0164132
0.016413
0.0164127
0.0164125
0.0164122
0.016412
0.0164117
0.0164115
0.0164112
0.016411
0.0164107
0.0164105
0.0164102
0.01641
0.0164097
0.0164095
0.0164092
0.016409
0.0164087
0.0164085
0.0164082
0.016408
0.0164077
0.0164075
0.0164072
0.0164069
0.0164067
0.0164064
0.0164062
0.0164059
0.0164056
0.0164054
0.0164051
0.0164049
0.0164046
0.0164043
0.0164041
0.0164038
0.0164036
0.0164033
0.016403
0.0164028
0.0164025
0.0164022
0.016402
0.0164017
0.0164014
0.0164012
0.0164009
0.0164006
0.0164004
0.0164001
0.0163998
0.0163996
0.0163993
0.016399
0.0163987
0.0163985
0.0163982
0.0163979
0.0163977
0.0163974
0.0163971
0.0163968
0.0163966
0.0163963
0.016396
0.0163957
0.0163955
0.0163952
0.0163949
0.0163946
0.0163944
0.0163941
0.0163938
0.0163935
0.0163933
0.016393
0.0163927
0.0163924
0.0163922
0.0163919
0.0163916
0.0163913
0.016391
0.0163908
0.0163905
0.0163902
0.0163899
0.0163896
0.0163894
0.0163891
0.0163888
0.0163885
0.0163882
0.0163879
0.0163877
0.0163874
0.0163871
0.0163868
0.0163865
0.0163862
0.016386
0.0163857
0.0163854
0.0163851
0.0163848
0.0163845
0.0163843
0.016384
0.0163837
0.0163834
0.0163831
0.0163828
0.0163825
0.0163822
0.016382
0.0163817
0.0163814
0.0163811
0.0163808
0.0163805
0.0163802
0.0163799
0.0163797
0.0163794
0.0163791
0.0163788
0.0163785
0.0163782
0.0163779
0.0163776
0.0163773
0.016377
0.0163767
0.0163765
0.0163762
0.0163759
0.0163756
0.0163753
0.016375
0.0163747
0.0163744
0.0163741
0.0163738
0.0163735
0.0163732
0.0163729
0.0163726
0.0163723
0.0163721
0.0163718
0.0163715
0.0163712
0.0163709
0.0163706
0.0163703
0.01637
0.0163697
0.0163694
0.0163691
0.0163688
0.0163685
0.0163682
0.0163679
0.0163676
0.0163673
0.016367
0.0163667
0.0163664
0.0163661
0.0163658
0.0163655
0.0163652
0.0163649
0.0163646
0.0163643
0.016364
0.0163637
0.0163634
0.0163631
0.0163628
0.0163625
0.0163622
0.0163619
0.0163616
0.0163613
0.016361
0.0163607
0.0163604
0.0163601
0.0163598
0.0163595
0.0163592
0.0163589
0.0163586
0.0163583
0.016358
0.0163577
0.0163574
0.0163571
0.0163568
0.0163565
0.0163562
0.0163559
0.0163556
0.0163553
0.016355
0.0163547
0.0163544
0.0163541
0.0163538
0.0163535
0.0163532
0.0163529
0.0163526
0.0163523
0.016352
0.0163516
0.0163513
0.016351
0.0163507
0.0163504
0.0163501
0.0163498
0.0163495
0.0163492
0.0163489
0.0163486
0.0163483
0.016348
0.0163477
0.0163474
0.0163471
0.0163468
0.0163465
0.0163461
0.0163458
0.0163455
0.0163452
0.0163449
0.0163446
0.0163443
0.016344
0.0163437
0.0163434
0.0163431
0.0163428
0.0163425
0.0163422
0.0163418
0.0163415
0.0163412
0.0163409
0.0163406
0.0163403
0.01634
0.0163397
0.0163394
0.0163391
0.0163388
0.0163385
0.0163381
0.0163378
0.0163375
0.0163372
0.0163369
0.0163366
0.0163363
0.016336
0.0163357
0.0163354
0.0163351
0.0163347
0.0163344
0.0163341
0.0163338
0.0163335
0.0163332
0.0163329
0.0163326
0.0163323
0.016332
0.0163316
0.0163313
0.016331
0.0163307
0.0163304
0.0163301
0.0163298
0.0163295
0.0163292
0.0163289
0.0163285
0.0163282
0.0163279
0.0163276
0.0163273
0.016327
0.0163267
0.0163264
0.0163261
0.0163258
0.0163254
0.0163251
0.0163248
0.0163245
0.0163242
0.0163239
0.0163236
0.0163233
0.016323
0.0163226
0.0163223
0.016322
0.0163217
0.0163214
0.0163211
0.0163208
0.0163205
0.0163202
0.0163198
0.0163195
0.0163192
0.0163189
0.0163186
0.0163183
0.016318
0.0163177
0.0163174
0.016317
0.0163167
0.0163164
0.0163161
0.0163158
0.0163155
0.0163152
0.0163149
0.0163146
0.0163142
0.0163139
0.0163136
0.0163133
0.016313
0.0163127
0.0163124
0.0163121
0.0163118
0.0163115
0.0163111
0.0163108
0.0163105
0.0163102
0.0163099
0.0163096
0.0163093
0.016309
0.0163087
0.0163083
0.016308
0.0163077
0.0163074
0.0163071
0.0163068
0.0163065
0.0163062
0.0163059
0.0163055
0.0163052
0.0163049
0.0163046
0.0163043
0.016304
0.0163037
0.0163034
0.0163031
0.0163028
0.0163024
0.0163021
0.0163018
0.0163015
0.0163012
0.0163009
0.0163006
0.0163003
0.0163
0.0162997
0.0162993
0.016299
0.0162987
0.0162984
0.0162981
0.0162978
0.0162975
0.0162972
0.0162969
0.0162966
0.0162963
0.0162959
0.0162956
0.0162953
0.016295
0.0162947
0.0162944
0.0162941
0.0162938
0.0162935
0.0162932
0.0162929
0.0162926
0.0162922
0.0162919
0.0162916
0.0162913
0.016291
0.0162907
0.0162904
0.0162901
0.0162898
0.0162895
0.0162892
0.0162889
0.0162886
0.0162882
0.0162879
0.0162876
0.0162873
0.016287
0.0162867
0.0162864
0.0162861
0.0162858
0.0162855
0.0162852
0.0162849
0.0162846
0.0162843
0.016284
0.0162837
0.0162833
0.016283
0.0162827
0.0162824
0.0162821
0.0162818
0.0162815
0.0162812
0.0162809
0.0162806
0.0162803
0.01628
0.0162797
0.0162794
0.0162791
0.0162788
0.0162785
0.0162782
0.0162779
0.0162776
0.0162773
0.016277
0.0162766
0.0162763
0.016276
0.0162757
0.0162754
0.0162751
0.0162748
0.0162745
0.0162742
0.0162739
0.0162736
0.0162733
0.016273
0.0162727
0.0162724
0.0162721
0.0162718
0.0162715
0.0162712
0.0162709
0.0162706
0.0162703
0.01627
0.0162697
0.0162694
0.0162691
0.0162688
0.0162685
0.0162682
0.0162679
0.0162676
0.0162673
0.016267
0.0162667
0.0162664
0.0162661
0.0162658
0.0162655
0.0162652
0.0162649
0.0162646
0.0162643
0.016264
0.0162637
0.0162634
0.0162631
0.0162628
0.0162625
0.0162622
0.0162619
0.0162616
0.0162613
0.0162611
0.0162608
0.0162605
0.0162602
0.0162599
0.0162596
0.0162593
0.016259
0.0162587
0.0162584
0.0162581
0.0162578
0.0162575
0.0162572
0.0162569
0.0162566
0.0162563
0.016256
0.0162557
0.0162554
0.0162552
0.0162549
0.0162546
0.0162543
0.016254
0.0162537
0.0162534
0.0162531
0.0162528
0.0162525
0.0162522
0.0162519
0.0162516
0.0162514
0.0162511
0.0162508
0.0162505
0.0162502
0.0162499
0.0162496
0.0162493
0.016249
0.0162487
0.0162485
0.0162482
0.0162479
0.0162476
0.0162473
0.016247
0.0162467
0.0162464
0.0162461
0.0162459
0.0162456
0.0162453
0.016245
0.0162447
0.0162444
0.0162441
0.0162438
0.0162436
0.0162433
0.016243
0.0162427
0.0162424
0.0162421
0.0162418
0.0162415
0.0162413
0.016241
0.0162407
0.0162404
0.0162401
0.0162398
0.0162396
0.0162393
0.016239
0.0162387
0.0162384
0.0162381
0.0162378
0.0162376
0.0162373
0.016237
0.0162367
0.0162364
0.0162362
0.0162359
0.0162356
0.0162353
0.016235
0.0162347
0.0162345
0.0162342
0.0162339
0.0162336
0.0162333
0.0162331
0.0162328
0.0162325
0.0162322
0.0162319
0.0162317
0.0162314
0.0162311
0.0162308
0.0162305
0.0162303
0.01623
0.0162297
0.0162294
0.0162291
0.0162289
0.0162286
0.0162283
0.016228
0.0162278
0.0162275
0.0162272
0.0162269
0.0162266
0.0162264
0.0162261
0.0162258
0.0162255
0.0162253
0.016225
0.0162247
0.0162244
0.0162242
0.0162239
0.0162236
0.0162233
0.0162231
0.0162228
0.0162225
0.0162222
0.016222
0.0162217
0.0162214
0.0162212
0.0162209
0.0162206
0.0162203
0.0162201
0.0162198
0.0162195
0.0162192
0.016219
0.0162187
0.0162184
0.0162182
0.0162179
0.0162176
0.0162173
0.0162171
0.0162168
0.0162165
0.0162163
0.016216
0.0162157
0.0162155
0.0162152
0.0162149
0.0162146
0.0162144
0.0162141
0.0162138
