0.0184126
0.0183995
0.0183922
0.018388
0.0183854
0.0183838
0.0183828
0.0183822
0.0183818
0.0183816
0.0183816
0.0183816
0.0183817
0.0183819
0.0183821
0.0183823
0.0183826
0.0183828
0.018383
0.0183832
0.0183834
0.0183836
0.0183838
0.018384
0.0183841
0.0183843
0.0183844
0.0183845
0.0183845
0.0183846
0.0183847
0.0183847
0.0183847
0.0183847
0.0183847
0.0183847
0.0183847
0.0183846
0.0183846
0.0183845
0.0183845
0.0183844
0.0183843
0.0183842
0.0183841
0.018384
0.0183839
0.0183838
0.0183837
0.0183836
0.0183835
0.0183834
0.0183832
0.0183831
0.018383
0.0183829
0.0183827
0.0183826
0.0183825
0.0183823
0.0183822
0.018382
0.0183819
0.0183818
0.0183816
0.0183815
0.0183814
0.0183812
0.0183811
0.018381
0.0183808
0.0183807
0.0183806
0.0183804
0.0183803
0.0183802
0.01838
0.0183799
0.0183798
0.0183797
0.0183795
0.0183794
0.0183793
0.0183792
0.0183791
0.018379
0.0183789
0.0183788
0.0183786
0.0183785
0.0183784
0.0183783
0.0183782
0.0183781
0.018378
0.018378
0.0183779
0.0183778
0.0183777
0.0183776
0.0183775
0.0183774
0.0183774
0.0183773
0.0183772
0.0183771
0.0183771
0.018377
0.0183769
0.0183769
0.0183768
0.0183767
0.0183767
0.0183766
0.0183766
0.0183765
0.0183765
0.0183764
0.0183764
0.0183763
0.0183763
0.0183762
0.0183762
0.0183762
0.0183761
0.0183761
0.018376
0.018376
0.018376
0.0183759
0.0183759
0.0183759
0.0183759
0.0183758
0.0183758
0.0183758
0.0183758
0.0183758
0.0183758
0.0183757
0.0183757
0.0183757
0.0183757
0.0183757
0.0183757
0.0183757
0.0183757
0.0183757
0.0183757
0.0183757
0.0183757
0.0183757
0.0183757
0.0183757
0.0183757
0.0183757
0.0183757
0.0183757
0.0183757
0.0183757
0.0183757
0.0183758
0.0183758
0.0183758
0.0183758
0.0183758
0.0183759
0.0183759
0.0183759
0.0183759
0.0183759
0.018376
0.018376
0.018376
0.018376
0.0183761
0.0183761
0.0183761
0.0183762
0.0183762
0.0183762
0.0183763
0.0183763
0.0183763
0.0183764
0.0183764
0.0183765
0.0183765
0.0183765
0.0183766
0.0183766
0.0183767
0.0183767
0.0183768
0.0183768
0.0183769
0.0183769
0.018377
0.018377
0.0183771
0.0183771
0.0183772
0.0183772
0.0183773
0.0183773
0.0183774
0.0183774
0.0183775
0.0183775
0.0183776
0.0183777
0.0183777
0.0183778
0.0183778
0.0183779
0.018378
0.018378
0.0183781
0.0183781
0.0183782
0.0183783
0.0183783
0.0183784
0.0183785
0.0183785
0.0183786
0.0183787
0.0183787
0.0183788
0.0183789
0.0183789
0.018379
0.0183791
0.0183792
0.0183792
0.0183793
0.0183794
0.0183795
0.0183795
0.0183796
0.0183797
0.0183798
0.0183798
0.0183799
0.01838
0.0183801
0.0183801
0.0183802
0.0183803
0.0183804
0.0183805
0.0183805
0.0183806
0.0183807
0.0183808
0.0183809
0.018381
0.018381
0.0183811
0.0183812
0.0183813
0.0183814
0.0183815
0.0183816
0.0183816
0.0183817
0.0183818
0.0183819
0.018382
0.0183821
0.0183822
0.0183823
0.0183823
0.0183824
0.0183825
0.0183826
0.0183827
0.0183828
0.0183829
0.018383
0.0183831
0.0183832
0.0183833
0.0183834
0.0183834
0.0183835
0.0183836
0.0183837
0.0183838
0.0183839
0.018384
0.0183841
0.0183842
0.0183843
0.0183844
0.0183845
0.0183846
0.0183847
0.0183848
0.0183849
0.018385
0.0183851
0.0183852
0.0183853
0.0183854
0.0183855
0.0183856
0.0183857
0.0183858
0.0183859
0.018386
0.0183861
0.0183862
0.0183863
0.0183864
0.0183865
0.0183866
0.0183867
0.0183868
0.0183869
0.018387
0.0183871
0.0183872
0.0183873
0.0183874
0.0183875
0.0183876
0.0183877
0.0183878
0.0183879
0.018388
0.0183881
0.0183882
0.0183884
0.0183885
0.0183886
0.0183887
0.0183888
0.0183889
0.018389
0.0183891
0.0183892
0.0183893
0.0183894
0.0183895
0.0183896
0.0183897
0.0183898
0.0183899
0.0183901
0.0183902
0.0183903
0.0183904
0.0183905
0.0183906
0.0183907
0.0183908
0.0183909
0.018391
0.0183911
0.0183912
0.0183914
0.0183915
0.0183916
0.0183917
0.0183918
0.0183919
0.018392
0.0183921
0.0183922
0.0183923
0.0183924
0.0183926
0.0183927
0.0183928
0.0183929
0.018393
0.0183931
0.0183932
0.0183933
0.0183934
0.0183935
0.0183937
0.0183938
0.0183939
0.018394
0.0183941
0.0183942
0.0183943
0.0183944
0.0183945
0.0183946
0.0183948
0.0183949
0.018395
0.0183951
0.0183952
0.0183953
0.0183954
0.0183955
0.0183956
0.0183958
0.0183959
0.018396
0.0183961
0.0183962
0.0183963
0.0183964
0.0183965
0.0183966
0.0183968
0.0183969
0.018397
0.0183971
0.0183972
0.0183973
0.0183974
0.0183975
0.0183976
0.0183977
0.0183979
0.018398
0.0183981
0.0183982
0.0183983
0.0183984
0.0183985
0.0183986
0.0183987
0.0183989
0.018399
0.0183991
0.0183992
0.0183993
0.0183994
0.0183995
0.0183996
0.0183997
0.0183998
0.0184
0.0184001
0.0184002
0.0184003
0.0184004
0.0184005
0.0184006
0.0184007
0.0184008
0.0184009
0.0184011
0.0184012
0.0184013
0.0184014
0.0184015
0.0184016
0.0184017
0.0184018
0.0184019
0.018402
0.0184021
0.0184022
0.0184024
0.0184025
0.0184026
0.0184027
0.0184028
0.0184029
0.018403
0.0184031
0.0184032
0.0184033
0.0184034
0.0184035
0.0184036
0.0184038
0.0184039
0.018404
0.0184041
0.0184042
0.0184043
0.0184044
0.0184045
0.0184046
0.0184047
0.0184048
0.0184049
0.018405
0.0184051
0.0184052
0.0184053
0.0184055
0.0184056
0.0184057
0.0184058
0.0184059
0.018406
0.0184061
0.0184062
0.0184063
0.0184064
0.0184065
0.0184066
0.0184067
0.0184068
0.0184069
0.018407
0.0184071
0.0184072
0.0184073
0.0184074
0.0184075
0.0184076
0.0184077
0.0184078
0.0184079
0.018408
0.0184081
0.0184082
0.0184083
0.0184084
0.0184085
0.0184086
0.0184087
0.0184088
0.0184089
0.018409
0.0184091
0.0184092
0.0184093
0.0184094
0.0184095
0.0184096
0.0184097
0.0184098
0.0184099
0.01841
0.0184101
0.0184102
0.0184103
0.0184104
0.0184105
0.0184106
0.0184107
0.0184108
0.0184109
0.018411
0.0184111
0.0184112
0.0184113
0.0184114
0.0184115
0.0184116
0.0184117
0.0184118
0.0184119
0.018412
0.0184121
0.0184122
0.0184122
0.0184123
0.0184124
0.0184125
0.0184126
0.0184127
0.0184128
0.0184129
0.018413
0.0184131
0.0184132
0.0184133
0.0184134
0.0184135
0.0184135
0.0184136
0.0184137
0.0184138
0.0184139
0.018414
0.0184141
0.0184142
0.0184143
0.0184144
0.0184144
0.0184145
0.0184146
0.0184147
0.0184148
0.0184149
0.018415
0.0184151
0.0184151
0.0184152
0.0184153
0.0184154
0.0184155
0.0184156
0.0184157
0.0184158
0.0184158
0.0184159
0.018416
0.0184161
0.0184162
0.0184163
0.0184163
0.0184164
0.0184165
0.0184166
0.0184167
0.0184168
0.0184168
0.0184169
0.018417
0.0184171
0.0184172
0.0184173
0.0184173
0.0184174
0.0184175
0.0184176
0.0184177
0.0184177
0.0184178
0.0184179
0.018418
0.0184181
0.0184181
0.0184182
0.0184183
0.0184184
0.0184184
0.0184185
0.0184186
0.0184187
0.0184188
0.0184188
0.0184189
0.018419
0.0184191
0.0184191
0.0184192
0.0184193
0.0184194
0.0184194
0.0184195
0.0184196
0.0184197
0.0184197
0.0184198
0.0184199
0.0184199
0.01842
0.0184201
0.0184202
0.0184202
0.0184203
0.0184204
0.0184204
0.0184205
0.0184206
0.0184207
0.0184207
0.0184208
0.0184209
0.0184209
0.018421
0.0184211
0.0184211
0.0184212
0.0184213
0.0184213
0.0184214
0.0184215
0.0184215
0.0184216
0.0184217
0.0184217
0.0184218
0.0184219
0.0184219
0.018422
0.0184221
0.0184221
0.0184222
0.0184222
0.0184223
0.0184224
0.0184224
0.0184225
0.0184226
0.0184226
0.0184227
0.0184227
0.0184228
0.0184229
0.0184229
0.018423
0.018423
0.0184231
0.0184232
0.0184232
0.0184233
0.0184233
0.0184234
0.0184235
0.0184235
0.0184236
0.0184236
0.0184237
0.0184237
0.0184238
0.0184238
0.0184239
0.018424
0.018424
0.0184241
0.0184241
0.0184242
0.0184242
0.0184243
0.0184243
0.0184244
0.0184244
0.0184245
0.0184245
0.0184246
0.0184246
0.0184247
0.0184247
0.0184248
0.0184248
0.0184249
0.0184249
0.018425
0.018425
0.0184251
0.0184251
0.0184252
0.0184252
0.0184253
0.0184253
0.0184254
0.0184254
0.0184255
0.0184255
0.0184256
0.0184256
0.0184256
0.0184257
0.0184257
0.0184258
0.0184258
0.0184259
0.0184259
0.018426
0.018426
0.018426
0.0184261
0.0184261
0.0184262
0.0184262
0.0184262
0.0184263
0.0184263
0.0184264
0.0184264
0.0184264
0.0184265
0.0184265
0.0184266
0.0184266
0.0184266
0.0184267
0.0184267
0.0184267
0.0184268
0.0184268
0.0184268
0.0184269
0.0184269
0.018427
0.018427
0.018427
0.0184271
0.0184271
0.0184271
0.0184272
0.0184272
0.0184272
0.0184273
0.0184273
0.0184273
0.0184273
0.0184274
0.0184274
0.0184274
0.0184275
0.0184275
0.0184275
0.0184275
