0.0201596
0.0201419
0.0201289
0.0201192
0.0201119
0.0201063
0.0201021
0.0200988
0.0200962
0.0200941
0.0200924
0.0200909
0.0200896
0.0200885
0.0200875
0.0200866
0.0200858
0.020085
0.0200843
0.0200836
0.020083
0.0200824
0.0200819
0.0200814
0.0200809
0.0200805
0.0200801
0.0200797
0.0200794
0.0200791
0.0200788
0.0200786
0.0200783
0.0200781
0.020078
0.0200778
0.0200777
0.0200776
0.0200775
0.0200774
0.0200773
0.0200773
0.0200772
0.0200772
0.0200772
0.0200772
0.0200772
0.0200772
0.0200772
0.0200772
0.0200772
0.0200772
0.0200773
0.0200773
0.0200773
0.0200773
0.0200774
0.0200774
0.0200774
0.0200775
0.0200775
0.0200775
0.0200776
0.0200776
0.0200776
0.0200776
0.0200776
0.0200776
0.0200776
0.0200776
0.0200776
0.0200776
0.0200776
0.0200776
0.0200775
0.0200775
0.0200774
0.0200774
0.0200773
0.0200773
0.0200772
0.0200771
0.020077
0.0200769
0.0200768
0.0200767
0.0200766
0.0200764
0.0200763
0.0200761
0.020076
0.0200758
0.0200757
0.0200755
0.0200753
0.0200751
0.0200749
0.0200747
0.0200744
0.0200742
0.020074
0.0200737
0.0200734
0.0200732
0.0200729
0.0200726
0.0200723
0.020072
0.0200717
0.0200714
0.020071
0.0200707
0.0200703
0.02007
0.0200696
0.0200692
0.0200688
0.0200684
0.020068
0.0200676
0.0200672
0.0200668
0.0200663
0.0200659
0.0200654
0.020065
0.0200645
0.020064
0.0200635
0.020063
0.0200625
0.020062
0.0200615
0.020061
0.0200604
0.0200599
0.0200593
0.0200588
0.0200582
0.0200576
0.020057
0.0200564
0.0200558
0.0200552
0.0200546
0.020054
0.0200533
0.0200527
0.020052
0.0200514
0.0200507
0.02005
0.0200493
0.0200486
0.0200479
0.0200472
0.0200465
0.0200458
0.0200451
0.0200443
0.0200436
0.0200428
0.0200421
0.0200413
0.0200405
0.0200397
0.0200389
0.0200381
0.0200373
0.0200365
0.0200357
0.0200349
0.020034
0.0200332
0.0200323
0.0200315
0.0200306
0.0200297
0.0200288
0.0200279
0.020027
0.0200261
0.0200252
0.0200243
0.0200234
0.0200224
0.0200215
0.0200205
0.0200195
0.0200186
0.0200176
0.0200166
0.0200156
0.0200146
0.0200136
0.0200126
0.0200115
0.0200105
0.0200094
0.0200084
0.0200073
0.0200063
0.0200052
0.0200041
0.020003
0.0200019
0.0200008
0.0199996
0.0199985
0.0199974
0.0199962
0.019995
0.0199939
0.0199927
0.0199915
0.0199903
0.0199891
0.0199879
0.0199866
0.0199854
0.0199841
0.0199829
0.0199816
0.0199803
0.019979
0.0199777
0.0199764
0.0199751
0.0199738
0.0199724
0.0199711
0.0199697
0.0199683
0.019967
0.0199656
0.0199641
0.0199627
0.0199613
0.0199598
0.0199584
0.0199569
0.0199554
0.0199539
0.0199524
0.0199509
0.0199494
0.0199479
0.0199463
0.0199447
0.0199432
0.0199416
0.01994
0.0199383
0.0199367
0.0199351
0.0199334
0.0199317
0.0199301
0.0199284
0.0199267
0.0199249
0.0199232
0.0199214
0.0199197
0.0199179
0.0199161
0.0199143
0.0199125
0.0199106
0.0199088
0.0199069
0.0199051
0.0199032
0.0199013
0.0198993
0.0198974
0.0198955
0.0198935
0.0198915
0.0198895
0.0198875
0.0198855
0.0198835
0.0198814
0.0198794
0.0198773
0.0198752
0.0198731
0.019871
0.0198688
0.0198667
0.0198645
0.0198624
0.0198602
0.019858
0.0198558
0.0198536
0.0198513
0.0198491
0.0198468
0.0198446
0.0198423
0.01984
0.0198377
0.0198353
0.019833
0.0198307
0.0198283
0.019826
0.0198236
0.0198212
0.0198188
0.0198164
0.019814
0.0198116
0.0198092
0.0198067
0.0198043
0.0198018
0.0197994
0.0197969
0.0197945
0.019792
0.0197895
0.019787
0.0197845
0.019782
0.0197795
0.019777
0.0197745
0.019772
0.0197695
0.019767
0.0197644
0.0197619
0.0197594
0.0197569
0.0197543
0.0197518
0.0197493
0.0197468
0.0197442
0.0197417
0.0197392
0.0197367
0.0197342
0.0197316
0.0197291
0.0197266
0.0197241
0.0197216
0.0197191
0.0197166
0.0197141
0.0197116
0.0197092
0.0197067
0.0197042
0.0197017
0.0196993
0.0196968
0.0196944
0.019692
0.0196895
0.0196871
0.0196847
0.0196823
0.0196799
0.0196775
0.0196751
0.0196728
0.0196704
0.0196681
0.0196657
0.0196634
0.0196611
0.0196587
0.0196564
0.0196541
0.0196519
0.0196496
0.0196473
0.0196451
0.0196428
0.0196406
0.0196384
0.0196362
0.019634
0.0196318
0.0196296
0.0196275
0.0196253
0.0196232
0.019621
0.0196189
0.0196168
0.0196147
0.0196126
0.0196106
0.0196085
0.0196065
0.0196044
0.0196024
0.0196004
0.0195984
0.0195964
0.0195944
0.0195924
0.0195905
0.0195885
0.0195866
0.0195847
0.0195828
0.0195809
0.019579
0.0195771
0.0195752
0.0195734
0.0195715
0.0195697
0.0195678
0.019566
0.0195642
0.0195624
0.0195606
0.0195589
0.0195571
0.0195553
0.0195536
0.0195519
0.0195502
0.0195484
0.0195467
0.019545
0.0195434
0.0195417
0.01954
0.0195384
0.0195367
0.0195351
0.0195335
0.0195319
0.0195302
0.0195287
0.0195271
0.0195255
0.0195239
0.0195224
0.0195208
0.0195193
0.0195177
0.0195162
0.0195147
0.0195132
0.0195117
0.0195102
0.0195087
0.0195072
0.0195058
0.0195043
0.0195029
0.0195014
0.0195
0.0194985
0.0194971
0.0194957
0.0194943
0.0194929
0.0194915
0.0194902
0.0194888
0.0194874
0.0194861
0.0194847
0.0194834
0.019482
0.0194807
0.0194794
0.0194781
0.0194768
0.0194755
0.0194742
0.0194729
0.0194716
0.0194703
0.0194691
0.0194678
0.0194666
0.0194653
0.0194641
0.0194628
0.0194616
0.0194604
0.0194592
0.019458
0.0194568
0.0194556
0.0194544
0.0194532
0.019452
0.0194509
0.0194497
0.0194485
0.0194474
0.0194462
0.0194451
0.019444
0.0194428
0.0194417
0.0194406
0.0194395
0.0194384
0.0194373
0.0194362
0.0194351
0.019434
0.0194329
0.0194319
0.0194308
0.0194297
0.0194287
0.0194276
0.0194266
0.0194255
0.0194245
0.0194235
0.0194224
0.0194214
0.0194204
0.0194194
0.0194184
0.0194174
0.0194164
0.0194154
0.0194144
0.0194134
0.0194125
0.0194115
0.0194105
0.0194096
0.0194086
0.0194077
0.0194067
0.0194058
0.0194049
0.0194039
0.019403
0.0194021
0.0194012
0.0194002
0.0193993
0.0193984
0.0193975
0.0193966
0.0193957
0.0193949
0.019394
0.0193931
0.0193922
0.0193914
0.0193905
0.0193896
0.0193888
0.0193879
0.0193871
0.0193862
0.0193854
0.0193846
0.0193837
0.0193829
0.0193821
0.0193813
0.0193804
0.0193796
0.0193788
0.019378
0.0193772
0.0193764
0.0193756
0.0193749
0.0193741
0.0193733
0.0193725
0.0193717
0.019371
0.0193702
0.0193695
0.0193687
0.0193679
0.0193672
0.0193665
0.0193657
0.019365
0.0193642
0.0193635
0.0193628
0.0193621
0.0193613
0.0193606
0.0193599
0.0193592
0.0193585
0.0193578
0.0193571
0.0193564
0.0193557
0.019355
0.0193543
0.0193537
0.019353
0.0193523
0.0193516
0.019351
0.0193503
0.0193497
0.019349
0.0193483
0.0193477
0.019347
0.0193464
0.0193458
0.0193451
0.0193445
0.0193439
0.0193432
0.0193426
0.019342
0.0193414
0.0193407
0.0193401
0.0193395
0.0193389
0.0193383
0.0193377
0.0193371
0.0193365
0.0193359
0.0193353
0.0193348
0.0193342
0.0193336
0.019333
0.0193324
0.0193319
0.0193313
0.0193307
0.0193302
0.0193296
0.0193291
0.0193285
0.019328
0.0193274
0.0193269
0.0193263
0.0193258
0.0193252
0.0193247
0.0193242
0.0193236
0.0193231
0.0193226
0.0193221
0.0193216
0.019321
0.0193205
0.01932
0.0193195
0.019319
0.0193185
0.019318
0.0193175
0.019317
0.0193165
0.019316
0.0193155
0.0193151
0.0193146
0.0193141
0.0193136
0.0193131
0.0193127
0.0193122
0.0193117
0.0193113
0.0193108
0.0193104
0.0193099
0.0193094
0.019309
0.0193085
0.0193081
0.0193076
0.0193072
0.0193068
0.0193063
0.0193059
0.0193054
0.019305
0.0193046
0.0193042
0.0193037
0.0193033
0.0193029
0.0193025
0.0193021
0.0193016
0.0193012
0.0193008
0.0193004
0.0193
0.0192996
0.0192992
0.0192988
0.0192984
0.019298
0.0192976
0.0192972
0.0192968
0.0192965
0.0192961
0.0192957
0.0192953
0.0192949
0.0192946
0.0192942
0.0192938
0.0192934
0.0192931
0.0192927
0.0192923
0.019292
0.0192916
0.0192913
0.0192909
0.0192906
0.0192902
0.0192899
0.0192895
0.0192892
0.0192888
0.0192885
0.0192881
0.0192878
0.0192875
0.0192871
0.0192868
0.0192865
0.0192861
0.0192858
0.0192855
0.0192852
0.0192848
0.0192845
0.0192842
0.0192839
0.0192836
0.0192833
0.0192829
0.0192826
0.0192823
0.019282
0.0192817
0.0192814
0.0192811
0.0192808
0.0192805
0.0192802
0.0192799
0.0192796
0.0192793
0.0192791
0.0192788
0.0192785
0.0192782
0.0192779
0.0192776
0.0192774
0.0192771
0.0192768
0.0192765
0.0192763
0.019276
0.0192757
0.0192755
0.0192752
0.0192749
0.0192747
0.0192744
0.0192741
0.0192739
0.0192736
0.0192734
0.0192731
0.0192729
0.0192726
0.0192724
0.0192721
0.0192719
0.0192716
0.0192714
