0.0484786
0.0484336
0.0490965
0.0497667
0.0504236
0.0510417
0.0515929
0.052049
0.0523858
0.0525885
0.0526548
0.0525964
0.0524364
0.0522033
0.0519248
0.0516224
0.0513105
0.0509967
0.0506844
0.0503752
0.0500699
0.0497698
0.0494764
0.0491912
0.0489155
0.04865
0.0483952
0.0481506
0.0479156
0.0476893
0.0474703
0.0472574
0.0470491
0.0468441
0.0466408
0.046438
0.0462341
0.0460277
0.0458174
0.0456018
0.0453794
0.0451489
0.0449088
0.0446579
0.0443951
0.0441194
0.04383
0.0435264
0.0432086
0.0428765
0.0425308
0.042172
0.0418014
0.04142
0.0410295
0.0406314
0.0402274
0.0398192
0.0394087
0.0389975
0.0385874
0.0381799
0.0377767
0.037379
0.0369882
0.0366055
0.0362317
0.0358678
0.0355144
0.035172
0.0348411
0.0345219
0.0342145
0.0339191
0.0336356
0.0333638
0.0331034
0.0328544
0.0326163
0.0323887
0.0321714
0.0319639
0.0317658
0.0315766
0.031396
0.0312235
0.0310587
0.0309013
0.0307507
0.0306067
0.0304689
0.0303369
0.0302104
0.0300891
0.0299726
0.0298607
0.0297532
0.0296497
0.02955
0.0294539
0.0293612
0.0292717
0.0291852
0.0291014
0.0290204
0.0289418
0.0288655
0.0287915
0.0287196
0.0286496
0.0285814
0.028515
0.0284502
0.028387
0.0283253
0.0282649
0.0282059
0.0281481
0.0280914
0.0280359
0.0279814
0.027928
0.0278755
0.0278239
0.0277731
0.0277232
0.0276741
0.0276257
0.0275781
0.0275311
0.0274848
0.0274392
0.0273941
0.0273497
0.0273058
0.0272625
0.0272197
0.0271774
0.0271357
0.0270944
0.0270536
0.0270133
0.0269734
0.026934
0.026895
0.0268565
0.0268184
0.0267807
0.0267434
0.0267066
0.0266701
0.026634
0.0265984
0.0265631
0.0265282
0.0264937
0.0264595
0.0264258
0.0263924
0.0263594
0.0263268
0.0262945
0.0262626
0.0262311
0.0261999
0.0261691
0.0261387
0.0261086
0.0260789
0.0260495
0.0260205
0.0259919
0.0259636
0.0259357
0.0259081
0.0258808
0.0258539
0.0258274
0.0258012
0.0257753
0.0257498
0.0257246
0.0256998
0.0256753
0.0256511
0.0256273
0.0256037
0.0255805
0.0255577
0.0255351
0.0255129
0.025491
0.0254694
0.0254481
0.0254271
0.0254064
0.025386
0.0253659
0.0253462
0.0253267
0.0253074
0.0252885
0.0252699
0.0252515
0.0252334
0.0252156
0.0251981
0.0251808
0.0251638
0.025147
0.0251305
0.0251143
0.0250983
0.0250825
0.025067
0.0250518
0.0250367
0.0250219
0.0250074
0.024993
0.0249789
0.024965
0.0249513
0.0249378
0.0249245
0.0249115
0.0248986
0.0248859
0.0248735
0.0248612
0.0248491
0.0248372
0.0248255
0.0248139
0.0248026
0.0247914
0.0247803
0.0247695
0.0247588
0.0247483
0.0247379
0.0247277
0.0247176
0.0247077
0.0246979
0.0246883
0.0246788
0.0246695
0.0246603
0.0246512
0.0246423
0.0246334
0.0246248
0.0246162
0.0246077
0.0245994
0.0245912
0.0245831
0.0245751
0.0245672
0.0245595
0.0245518
0.0245443
0.0245368
0.0245294
0.0245222
0.024515
0.0245079
0.0245009
0.024494
0.0244872
0.0244805
0.0244738
0.0244673
0.0244608
0.0244544
0.024448
0.0244418
0.0244356
0.0244295
0.0244234
0.0244174
0.0244115
0.0244057
0.0243999
0.0243942
0.0243885
0.0243829
0.0243774
0.0243719
0.0243664
0.0243611
0.0243557
0.0243505
0.0243453
0.0243401
0.024335
0.0243299
0.0243249
0.0243199
0.0243149
0.02431
0.0243052
0.0243004
0.0242956
0.0242909
0.0242862
0.0242815
0.0242769
0.0242723
0.0242678
0.0242633
0.0242588
0.0242544
0.02425
0.0242456
0.0242413
0.024237
0.0242327
0.0242284
0.0242242
0.02422
0.0242158
0.0242117
0.0242076
0.0242035
0.0241995
0.0241954
0.0241914
0.0241875
0.0241835
0.0241796
0.0241757
0.0241718
0.0241679
0.0241641
0.0241603
0.0241565
0.0241527
0.024149
0.0241452
0.0241415
0.0241378
0.0241342
0.0241305
0.0241269
0.0241233
0.0241197
0.0241161
0.0241126
0.024109
0.0241055
0.024102
0.0240985
0.0240951
0.0240916
0.0240882
0.0240848
0.0240814
0.024078
0.0240746
0.0240713
0.024068
0.0240646
0.0240613
0.0240581
0.0240548
0.0240515
0.0240483
0.0240451
0.0240419
0.0240387
0.0240355
0.0240323
0.0240292
0.0240261
0.0240229
0.0240198
0.0240167
0.0240137
0.0240106
0.0240075
0.0240045
0.0240015
0.0239985
0.0239955
0.0239925
0.0239895
0.0239866
0.0239836
0.0239807
0.0239778
0.0239749
0.023972
0.0239691
0.0239662
0.0239634
0.0239605
0.0239577
0.0239549
0.023952
0.0239492
0.0239465
0.0239437
0.0239409
0.0239382
0.0239354
0.0239327
0.02393
0.0239273
0.0239246
0.0239219
0.0239192
0.0239166
0.0239139
0.0239113
0.0239087
0.0239061
0.0239034
0.0239009
0.0238983
0.0238957
0.0238931
0.0238906
0.023888
0.0238855
0.023883
0.0238805
0.023878
0.0238755
0.023873
0.0238705
0.0238681
0.0238656
0.0238632
0.0238607
0.0238583
0.0238559
0.0238535
0.0238511
0.0238487
0.0238463
0.023844
0.0238416
0.0238392
0.0238369
0.0238346
0.0238322
0.0238299
0.0238276
0.0238253
0.023823
0.0238208
0.0238185
0.0238162
0.023814
0.0238117
0.0238095
0.0238073
0.0238051
0.0238028
0.0238006
0.0237984
0.0237963
0.0237941
0.0237919
0.0237897
0.0237876
0.0237854
0.0237833
0.0237812
0.0237791
0.0237769
0.0237748
0.0237727
0.0237706
0.0237685
0.0237665
0.0237644
0.0237623
0.0237603
0.0237582
0.0237562
0.0237542
0.0237521
0.0237501
0.0237481
0.0237461
0.0237441
0.0237421
0.0237401
0.0237381
0.0237362
0.0237342
0.0237322
0.0237303
0.0237283
0.0237264
0.0237245
0.0237225
0.0237206
0.0237187
0.0237168
0.0237149
0.023713
0.0237111
0.0237092
0.0237074
0.0237055
0.0237036
0.0237018
0.0236999
0.0236981
0.0236962
0.0236944
0.0236926
0.0236908
0.0236889
0.0236871
0.0236853
0.0236835
0.0236817
0.0236799
0.0236782
0.0236764
0.0236746
0.0236729
0.0236711
0.0236693
0.0236676
0.0236659
0.0236641
0.0236624
0.0236607
0.0236589
0.0236572
0.0236555
0.0236538
0.0236521
0.0236504
0.0236487
0.023647
0.0236454
0.0236437
0.023642
0.0236404
0.0236387
0.023637
0.0236354
0.0236338
0.0236321
0.0236305
0.0236289
0.0236272
0.0236256
0.023624
0.0236224
0.0236208
0.0236192
0.0236176
0.023616
0.0236144
0.0236128
0.0236112
0.0236097
0.0236081
0.0236065
0.023605
0.0236034
0.0236019
0.0236003
0.0235988
0.0235972
0.0235957
0.0235942
0.0235926
0.0235911
0.0235896
0.0235881
0.0235866
0.0235851
0.0235836
0.0235821
0.0235806
0.0235791
0.0235776
0.0235761
0.0235747
0.0235732
0.0235717
0.0235703
0.0235688
0.0235673
0.0235659
0.0235644
0.023563
0.0235616
0.0235601
0.0235587
0.0235573
0.0235558
0.0235544
0.023553
0.0235516
0.0235502
0.0235488
0.0235474
0.023546
0.0235446
0.0235432
0.0235418
0.0235404
0.023539
0.0235377
0.0235363
0.0235349
0.0235336
0.0235322
0.0235308
0.0235295
0.0235281
0.0235268
0.0235254
0.0235241
0.0235227
0.0235214
0.0235201
0.0235188
0.0235174
0.0235161
0.0235148
0.0235135
0.0235122
0.0235109
0.0235095
0.0235082
0.0235069
0.0235057
0.0235044
0.0235031
0.0235018
0.0235005
0.0234992
0.0234979
0.0234967
0.0234954
0.0234941
0.0234929
0.0234916
0.0234904
0.0234891
0.0234878
0.0234866
0.0234853
0.0234841
0.0234829
0.0234816
0.0234804
0.0234792
0.0234779
0.0234767
0.0234755
0.0234743
0.0234731
0.0234718
0.0234706
0.0234694
0.0234682
0.023467
0.0234658
0.0234646
0.0234634
0.0234622
0.023461
0.0234599
0.0234587
0.0234575
0.0234563
0.0234551
0.023454
0.0234528
0.0234516
0.0234505
0.0234493
0.0234482
0.023447
0.0234458
0.0234447
0.0234435
0.0234424
0.0234413
0.0234401
0.023439
0.0234378
0.0234367
0.0234356
0.0234344
0.0234333
0.0234322
0.0234311
0.02343
0.0234288
0.0234277
0.0234266
0.0234255
0.0234244
0.0234233
0.0234222
0.0234211
0.02342
0.0234189
0.0234178
0.0234167
0.0234156
0.0234146
0.0234135
0.0234124
0.0234113
0.0234103
0.0234092
0.0234081
0.023407
0.023406
0.0234049
0.0234038
0.0234028
0.0234017
0.0234007
0.0233996
0.0233986
0.0233975
0.0233965
0.0233954
0.0233944
0.0233934
0.0233923
0.0233913
0.0233903
0.0233892
0.0233882
0.0233872
0.0233861
0.0233851
0.0233841
0.0233831
0.0233821
0.023381
0.02338
0.023379
0.023378
0.023377
0.023376
0.023375
0.023374
0.023373
0.023372
0.023371
0.02337
0.023369
0.023368
0.0233671
0.0233661
0.0233651
0.0233641
0.0233631
0.0233622
0.0233612
0.0233602
0.0233592
0.0233583
0.0233573
0.0233563
0.0233554
0.0233544
0.0233535
0.0233525
0.0233515
0.0233506
0.0233496
0.0233487
0.0233477
0.0233468
0.0233458
0.0233449
0.023344
0.023343
0.0233421
0.0233412
0.0233402
0.0233393
0.0233384
0.0233374
0.0233365
0.0233356
0.0233347
0.0233337
0.0233328
0.0233319
0.023331
0.0233301
