0.0218889
0.0218773
0.0218676
0.0218598
0.0218536
0.0218484
0.0218441
0.0218404
0.021837
0.021834
0.0218312
0.0218285
0.021826
0.0218236
0.0218212
0.021819
0.0218168
0.0218146
0.0218125
0.0218105
0.0218086
0.0218067
0.0218049
0.0218032
0.0218015
0.0217999
0.0217983
0.0217968
0.0217954
0.021794
0.0217927
0.0217914
0.0217902
0.0217891
0.021788
0.0217869
0.0217859
0.0217849
0.021784
0.0217831
0.0217823
0.0217815
0.0217807
0.0217799
0.0217792
0.0217785
0.0217778
0.0217772
0.0217766
0.021776
0.0217754
0.0217748
0.0217743
0.0217737
0.0217732
0.0217727
0.0217722
0.0217718
0.0217713
0.0217708
0.0217704
0.0217699
0.0217695
0.021769
0.0217686
0.0217682
0.0217678
0.0217673
0.0217669
0.0217665
0.0217661
0.0217657
0.0217653
0.0217649
0.0217644
0.021764
0.0217636
0.0217632
0.0217628
0.0217624
0.0217619
0.0217615
0.0217611
0.0217607
0.0217602
0.0217598
0.0217593
0.0217589
0.0217585
0.021758
0.0217575
0.0217571
0.0217566
0.0217561
0.0217557
0.0217552
0.0217547
0.0217542
0.0217537
0.0217532
0.0217527
0.0217522
0.0217517
0.0217512
0.0217506
0.0217501
0.0217496
0.021749
0.0217485
0.0217479
0.0217473
0.0217468
0.0217462
0.0217456
0.0217451
0.0217445
0.0217439
0.0217433
0.0217427
0.0217421
0.0217415
0.0217409
0.0217402
0.0217396
0.021739
0.0217383
0.0217377
0.021737
0.0217364
0.0217357
0.0217351
0.0217344
0.0217337
0.0217331
0.0217324
0.0217317
0.021731
0.0217303
0.0217296
0.0217289
0.0217282
0.0217275
0.0217268
0.0217261
0.0217254
0.0217247
0.0217239
0.0217232
0.0217225
0.0217217
0.021721
0.0217202
0.0217195
0.0217187
0.021718
0.0217172
0.0217165
0.0217157
0.0217149
0.0217141
0.0217134
0.0217126
0.0217118
0.021711
0.0217102
0.0217094
0.0217087
0.0217079
0.0217071
0.0217063
0.0217055
0.0217047
0.0217038
0.021703
0.0217022
0.0217014
0.0217006
0.0216998
0.0216989
0.0216981
0.0216973
0.0216965
0.0216956
0.0216948
0.021694
0.0216931
0.0216923
0.0216915
0.0216906
0.0216898
0.0216889
0.0216881
0.0216872
0.0216864
0.0216855
0.0216847
0.0216838
0.021683
0.0216821
0.0216813
0.0216804
0.0216795
0.0216787
0.0216778
0.021677
0.0216761
0.0216752
0.0216744
0.0216735
0.0216726
0.0216718
0.0216709
0.02167
0.0216691
0.0216683
0.0216674
0.0216665
0.0216656
0.0216648
0.0216639
0.021663
0.0216621
0.0216613
0.0216604
0.0216595
0.0216586
0.0216577
0.0216569
0.021656
0.0216551
0.0216542
0.0216533
0.0216524
0.0216516
0.0216507
0.0216498
0.0216489
0.021648
0.0216471
0.0216462
0.0216454
0.0216445
0.0216436
0.0216427
0.0216418
0.0216409
0.02164
0.0216391
0.0216383
0.0216374
0.0216365
0.0216356
0.0216347
0.0216338
0.0216329
0.021632
0.0216312
0.0216303
0.0216294
0.0216285
0.0216276
0.0216267
0.0216258
0.0216249
0.0216241
0.0216232
0.0216223
0.0216214
0.0216205
0.0216196
0.0216187
0.0216179
0.021617
0.0216161
0.0216152
0.0216143
0.0216134
0.0216126
0.0216117
0.0216108
0.0216099
0.021609
0.0216081
0.0216073
0.0216064
0.0216055
0.0216046
0.0216037
0.0216029
0.021602
0.0216011
0.0216002
0.0215994
0.0215985
0.0215976
0.0215967
0.0215958
0.021595
0.0215941
0.0215932
0.0215923
0.0215915
0.0215906
0.0215897
0.0215889
0.021588
0.0215871
0.0215862
0.0215854
0.0215845
0.0215836
0.0215828
0.0215819
0.021581
0.0215802
0.0215793
0.0215784
0.0215776
0.0215767
0.0215759
0.021575
0.0215741
0.0215733
0.0215724
0.0215715
0.0215707
0.0215698
0.021569
0.0215681
0.0215673
0.0215664
0.0215655
0.0215647
0.0215638
0.021563
0.0215621
0.0215613
0.0215604
0.0215596
0.0215587
0.0215579
0.021557
0.0215562
0.0215553
0.0215545
0.0215536
0.0215528
0.0215519
0.0215511
0.0215503
0.0215494
0.0215486
0.0215477
0.0215469
0.0215461
0.0215452
0.0215444
0.0215435
0.0215427
0.0215419
0.021541
0.0215402
0.0215394
0.0215385
0.0215377
0.0215369
0.021536
0.0215352
0.0215344
0.0215335
0.0215327
0.0215319
0.0215311
0.0215302
0.0215294
0.0215286
0.0215278
0.0215269
0.0215261
0.0215253
0.0215245
0.0215237
0.0215228
0.021522
0.0215212
0.0215204
0.0215196
0.0215187
0.0215179
0.0215171
0.0215163
0.0215155
0.0215147
0.0215139
0.0215131
0.0215123
0.0215114
0.0215106
0.0215098
0.021509
0.0215082
0.0215074
0.0215066
0.0215058
0.021505
0.0215042
0.0215034
0.0215026
0.0215018
0.021501
0.0215002
0.0214994
0.0214986
0.0214978
0.021497
0.0214962
0.0214954
0.0214946
0.0214938
0.021493
0.0214923
0.0214915
0.0214907
0.0214899
0.0214891
0.0214883
0.0214875
0.0214867
0.021486
0.0214852
0.0214844
0.0214836
0.0214828
0.021482
0.0214813
0.0214805
0.0214797
0.0214789
0.0214782
0.0214774
0.0214766
0.0214758
0.0214751
0.0214743
0.0214735
0.0214727
0.021472
0.0214712
0.0214704
0.0214697
0.0214689
0.0214681
0.0214674
0.0214666
0.0214658
0.0214651
0.0214643
0.0214635
0.0214628
0.021462
0.0214613
0.0214605
0.0214597
0.021459
0.0214582
0.0214575
0.0214567
0.0214559
0.0214552
0.0214544
0.0214537
0.0214529
0.0214522
0.0214514
0.0214507
0.0214499
0.0214492
0.0214484
0.0214477
0.0214469
0.0214462
0.0214454
0.0214447
0.021444
0.0214432
0.0214425
0.0214417
0.021441
0.0214403
0.0214395
0.0214388
0.021438
0.0214373
0.0214366
0.0214358
0.0214351
0.0214344
0.0214336
0.0214329
0.0214322
0.0214314
0.0214307
0.02143
0.0214292
0.0214285
0.0214278
0.021427
0.0214263
0.0214256
0.0214249
0.0214241
0.0214234
0.0214227
0.021422
0.0214213
0.0214205
0.0214198
0.0214191
0.0214184
0.0214177
0.0214169
0.0214162
0.0214155
0.0214148
0.0214141
0.0214134
0.0214127
0.0214119
0.0214112
0.0214105
0.0214098
0.0214091
0.0214084
0.0214077
0.021407
0.0214063
0.0214056
0.0214048
0.0214041
0.0214034
0.0214027
0.021402
0.0214013
0.0214006
0.0213999
0.0213992
0.0213985
0.0213978
0.0213971
0.0213964
0.0213957
0.021395
0.0213943
0.0213936
0.021393
0.0213923
0.0213916
0.0213909
0.0213902
0.0213895
0.0213888
0.0213881
0.0213874
0.0213867
0.021386
0.0213854
0.0213847
0.021384
0.0213833
0.0213826
0.0213819
0.0213813
0.0213806
0.0213799
0.0213792
0.0213785
0.0213778
0.0213772
0.0213765
0.0213758
0.0213751
0.0213745
0.0213738
0.0213731
0.0213724
0.0213718
0.0213711
0.0213704
0.0213697
0.0213691
0.0213684
0.0213677
0.0213671
0.0213664
0.0213657
0.0213651
0.0213644
0.0213637
0.0213631
0.0213624
0.0213617
0.0213611
0.0213604
0.0213597
0.0213591
0.0213584
0.0213578
0.0213571
0.0213564
0.0213558
0.0213551
0.0213545
0.0213538
0.0213531
0.0213525
0.0213518
0.0213512
0.0213505
0.0213499
0.0213492
0.0213486
0.0213479
0.0213473
0.0213466
0.021346
0.0213453
0.0213447
0.021344
0.0213434
0.0213427
0.0213421
0.0213414
0.0213408
0.0213401
0.0213395
0.0213389
0.0213382
0.0213376
0.0213369
0.0213363
0.0213356
0.021335
0.0213344
0.0213337
0.0213331
0.0213325
0.0213318
0.0213312
0.0213306
0.0213299
0.0213293
0.0213286
0.021328
0.0213274
0.0213268
0.0213261
0.0213255
0.0213249
0.0213242
0.0213236
0.021323
0.0213223
0.0213217
0.0213211
0.0213205
0.0213198
0.0213192
0.0213186
0.021318
0.0213173
0.0213167
0.0213161
0.0213155
0.0213149
0.0213142
0.0213136
0.021313
0.0213124
0.0213118
0.0213111
0.0213105
0.0213099
0.0213093
0.0213087
0.0213081
0.0213074
0.0213068
0.0213062
0.0213056
0.021305
0.0213044
0.0213038
0.0213032
0.0213025
0.0213019
0.0213013
0.0213007
0.0213001
0.0212995
0.0212989
0.0212983
0.0212977
0.0212971
0.0212965
0.0212959
0.0212953
0.0212947
0.0212941
0.0212935
0.0212929
0.0212923
0.0212917
0.0212911
0.0212905
0.0212899
0.0212893
0.0212887
0.0212881
0.0212875
0.0212869
0.0212863
0.0212857
0.0212851
0.0212845
0.0212839
0.0212833
0.0212827
0.0212821
0.0212815
0.0212809
0.0212803
0.0212797
0.0212792
0.0212786
0.021278
0.0212774
0.0212768
0.0212762
0.0212756
0.021275
0.0212744
0.0212739
0.0212733
0.0212727
0.0212721
0.0212715
0.0212709
0.0212704
0.0212698
0.0212692
0.0212686
0.021268
0.0212674
0.0212669
0.0212663
0.0212657
0.0212651
0.0212645
0.021264
0.0212634
0.0212628
0.0212622
0.0212617
0.0212611
0.0212605
0.0212599
0.0212594
0.0212588
0.0212582
0.0212576
0.0212571
0.0212565
0.0212559
0.0212553
0.0212548
0.0212542
0.0212536
0.0212531
0.0212525
0.0212519
0.0212514
0.0212508
0.0212502
0.0212496
0.0212491
0.0212485
0.0212479
0.0212474
0.0212468
0.0212462
0.0212457
0.0212451
0.0212446
0.021244
0.0212434
0.0212429
0.0212423
0.0212417
0.0212412
0.0212406
