0.0126551
0.0124385
0.012228
0.0121161
0.0120706
0.012062
0.0120692
0.0120803
0.0120899
0.0120968
0.0121011
0.0121033
0.0121042
0.0121044
0.0121041
0.0121036
0.012103
0.0121024
0.0121018
0.0121012
0.0121007
0.0121001
0.0120995
0.012099
0.0120985
0.0120979
0.0120974
0.0120969
0.0120964
0.0120959
0.0120954
0.0120949
0.0120945
0.012094
0.0120935
0.0120931
0.0120927
0.0120922
0.0120918
0.0120914
0.012091
0.0120906
0.0120903
0.0120899
0.0120895
0.0120892
0.0120888
0.0120885
0.0120882
0.0120878
0.0120875
0.0120872
0.0120869
0.0120866
0.0120863
0.012086
0.0120858
0.0120855
0.0120852
0.012085
0.0120847
0.0120844
0.0120842
0.0120839
0.0120837
0.0120835
0.0120832
0.012083
0.0120828
0.0120826
0.0120824
0.0120821
0.0120819
0.0120817
0.0120815
0.0120813
0.0120811
0.012081
0.0120808
0.0120806
0.0120804
0.0120802
0.01208
0.0120799
0.0120797
0.0120795
0.0120794
0.0120792
0.012079
0.0120789
0.0120787
0.0120786
0.0120784
0.0120783
0.0120781
0.012078
0.0120778
0.0120777
0.0120775
0.0120774
0.0120772
0.0120771
0.012077
0.0120768
0.0120767
0.0120766
0.0120764
0.0120763
0.0120762
0.0120761
0.0120759
0.0120758
0.0120757
0.0120756
0.0120755
0.0120753
0.0120752
0.0120751
0.012075
0.0120749
0.0120748
0.0120746
0.0120745
0.0120744
0.0120743
0.0120742
0.0120741
0.012074
0.0120739
0.0120738
0.0120737
0.0120736
0.0120734
0.0120733
0.0120732
0.0120731
0.012073
0.0120729
0.0120728
0.0120727
0.0120726
0.0120725
0.0120724
0.0120723
0.0120722
0.0120721
0.0120721
0.012072
0.0120719
0.0120718
0.0120717
0.0120716
0.0120715
0.0120714
0.0120713
0.0120712
0.0120711
0.012071
0.0120709
0.0120708
0.0120708
0.0120707
0.0120706
0.0120705
0.0120704
0.0120703
0.0120702
0.0120701
0.01207
0.01207
0.0120699
0.0120698
0.0120697
0.0120696
0.0120695
0.0120694
0.0120694
0.0120693
0.0120692
0.0120691
0.012069
0.0120689
0.0120688
0.0120688
0.0120687
0.0120686
0.0120685
0.0120684
0.0120683
0.0120683
0.0120682
0.0120681
0.012068
0.0120679
0.0120678
0.0120678
0.0120677
0.0120676
0.0120675
0.0120674
0.0120674
0.0120673
0.0120672
0.0120671
0.012067
0.012067
0.0120669
0.0120668
0.0120667
0.0120666
0.0120666
0.0120665
0.0120664
0.0120663
0.0120662
0.0120662
0.0120661
0.012066
0.0120659
0.0120658
0.0120658
0.0120657
0.0120656
0.0120655
0.0120655
0.0120654
0.0120653
0.0120652
0.0120651
0.0120651
0.012065
0.0120649
0.0120648
0.0120647
0.0120647
0.0120646
0.0120645
0.0120644
0.0120644
0.0120643
0.0120642
0.0120641
0.012064
0.012064
0.0120639
0.0120638
0.0120637
0.0120637
0.0120636
0.0120635
0.0120634
0.0120634
0.0120633
0.0120632
0.0120631
0.012063
0.012063
0.0120629
0.0120628
0.0120627
0.0120627
0.0120626
0.0120625
0.0120624
0.0120623
0.0120623
0.0120622
0.0120621
0.012062
0.012062
0.0120619
0.0120618
0.0120617
0.0120617
0.0120616
0.0120615
0.0120614
0.0120613
0.0120613
0.0120612
0.0120611
0.012061
0.012061
0.0120609
0.0120608
0.0120607
0.0120606
0.0120606
0.0120605
0.0120604
0.0120603
0.0120603
0.0120602
0.0120601
0.01206
0.0120599
0.0120599
0.0120598
0.0120597
0.0120596
0.0120596
0.0120595
0.0120594
0.0120593
0.0120592
0.0120592
0.0120591
0.012059
0.0120589
0.0120589
0.0120588
0.0120587
0.0120586
0.0120585
0.0120585
0.0120584
0.0120583
0.0120582
0.0120581
0.0120581
0.012058
0.0120579
0.0120578
0.0120578
0.0120577
0.0120576
0.0120575
0.0120574
0.0120574
0.0120573
0.0120572
0.0120571
0.012057
0.012057
0.0120569
0.0120568
0.0120567
0.0120566
0.0120566
0.0120565
0.0120564
0.0120563
0.0120562
0.0120562
0.0120561
0.012056
0.0120559
0.0120558
0.0120557
0.0120557
0.0120556
0.0120555
0.0120554
0.0120553
0.0120553
0.0120552
0.0120551
0.012055
0.0120549
0.0120548
0.0120548
0.0120547
0.0120546
0.0120545
0.0120544
0.0120544
0.0120543
0.0120542
0.0120541
0.012054
0.0120539
0.0120539
0.0120538
0.0120537
0.0120536
0.0120535
0.0120534
0.0120534
0.0120533
0.0120532
0.0120531
0.012053
0.0120529
0.0120528
0.0120528
0.0120527
0.0120526
0.0120525
0.0120524
0.0120523
0.0120523
0.0120522
0.0120521
0.012052
0.0120519
0.0120518
0.0120517
0.0120517
0.0120516
0.0120515
0.0120514
0.0120513
0.0120512
0.0120511
0.012051
0.012051
0.0120509
0.0120508
0.0120507
0.0120506
0.0120505
0.0120504
0.0120504
0.0120503
0.0120502
0.0120501
0.01205
0.0120499
0.0120498
0.0120497
0.0120496
0.0120496
0.0120495
0.0120494
0.0120493
0.0120492
0.0120491
0.012049
0.0120489
0.0120488
0.0120487
0.0120487
0.0120486
0.0120485
0.0120484
0.0120483
0.0120482
0.0120481
0.012048
0.0120479
0.0120478
0.0120477
0.0120477
0.0120476
0.0120475
0.0120474
0.0120473
0.0120472
0.0120471
0.012047
0.0120469
0.0120468
0.0120467
0.0120466
0.0120465
0.0120465
0.0120464
0.0120463
0.0120462
0.0120461
0.012046
0.0120459
0.0120458
0.0120457
0.0120456
0.0120455
0.0120454
0.0120453
0.0120452
0.0120451
0.012045
0.0120449
0.0120448
0.0120448
0.0120447
0.0120446
0.0120445
0.0120444
0.0120443
0.0120442
0.0120441
0.012044
0.0120439
0.0120438
0.0120437
0.0120436
0.0120435
0.0120434
0.0120433
0.0120432
0.0120431
0.012043
0.0120429
0.0120428
0.0120427
0.0120426
0.0120425
0.0120424
0.0120423
0.0120422
0.0120421
0.012042
0.0120419
0.0120418
0.0120417
0.0120416
0.0120415
0.0120414
0.0120413
0.0120412
0.0120411
0.012041
0.0120409
0.0120408
0.0120407
0.0120406
0.0120405
0.0120404
0.0120403
0.0120402
0.0120401
0.01204
0.0120399
0.0120398
0.0120397
0.0120396
0.0120395
0.0120394
0.0120393
0.0120392
0.012039
0.0120389
0.0120388
0.0120387
0.0120386
0.0120385
0.0120384
0.0120383
0.0120382
0.0120381
0.012038
0.0120379
0.0120378
0.0120377
0.0120376
0.0120375
0.0120374
0.0120373
0.0120371
0.012037
0.0120369
0.0120368
0.0120367
0.0120366
0.0120365
0.0120364
0.0120363
0.0120362
0.0120361
0.012036
0.0120358
0.0120357
0.0120356
0.0120355
0.0120354
0.0120353
0.0120352
0.0120351
0.012035
0.0120349
0.0120348
0.0120346
0.0120345
0.0120344
0.0120343
0.0120342
0.0120341
0.012034
0.0120339
0.0120338
0.0120336
0.0120335
0.0120334
0.0120333
0.0120332
0.0120331
0.012033
0.0120329
0.0120327
0.0120326
0.0120325
0.0120324
0.0120323
0.0120322
0.0120321
0.0120319
0.0120318
0.0120317
0.0120316
0.0120315
0.0120314
0.0120313
0.0120311
0.012031
0.0120309
0.0120308
0.0120307
0.0120306
0.0120304
0.0120303
0.0120302
0.0120301
0.01203
0.0120299
0.0120297
0.0120296
0.0120295
0.0120294
0.0120293
0.0120292
0.012029
0.0120289
0.0120288
0.0120287
0.0120286
0.0120284
0.0120283
0.0120282
0.0120281
0.012028
0.0120278
0.0120277
0.0120276
0.0120275
0.0120274
0.0120272
0.0120271
0.012027
0.0120269
0.0120268
0.0120266
0.0120265
0.0120264
0.0120263
0.0120262
0.012026
0.0120259
0.0120258
0.0120257
0.0120255
0.0120254
0.0120253
0.0120252
0.012025
0.0120249
0.0120248
0.0120247
0.0120246
0.0120244
0.0120243
0.0120242
0.0120241
0.0120239
0.0120238
0.0120237
0.0120236
0.0120234
0.0120233
0.0120232
0.0120231
0.0120229
0.0120228
0.0120227
0.0120226
0.0120224
0.0120223
0.0120222
0.012022
0.0120219
0.0120218
0.0120217
0.0120215
0.0120214
0.0120213
0.0120212
0.012021
0.0120209
0.0120208
0.0120206
0.0120205
0.0120204
0.0120203
0.0120201
0.01202
0.0120199
0.0120197
0.0120196
0.0120195
0.0120193
0.0120192
0.0120191
0.012019
0.0120188
0.0120187
0.0120186
0.0120184
0.0120183
0.0120182
0.012018
0.0120179
0.0120178
0.0120176
0.0120175
0.0120174
0.0120172
0.0120171
0.012017
0.0120168
0.0120167
0.0120166
0.0120164
0.0120163
0.0120162
0.012016
0.0120159
0.0120158
0.0120156
0.0120155
0.0120154
0.0120152
0.0120151
0.012015
0.0120148
0.0120147
0.0120146
0.0120144
0.0120143
0.0120142
0.012014
0.0120139
0.0120137
0.0120136
0.0120135
0.0120133
0.0120132
0.0120131
0.0120129
0.0120128
0.0120126
0.0120125
0.0120124
0.0120122
0.0120121
0.012012
0.0120118
0.0120117
0.0120115
0.0120114
0.0120113
0.0120111
0.012011
0.0120108
0.0120107
0.0120106
0.0120104
0.0120103
0.0120101
0.01201
0.0120099
0.0120097
0.0120096
0.0120094
0.0120093
0.0120092
0.012009
0.0120089
0.0120087
0.0120086
0.0120085
0.0120083
0.0120082
0.012008
0.0120079
0.0120077
0.0120076
0.0120075
0.0120073
0.0120072
0.012007
0.0120069
0.0120067
0.0120066
0.0120065
0.0120063
0.0120062
0.012006
0.0120059
0.0120057
0.0120056
0.0120054
