0.0177324
0.0169946
0.0167208
0.0165217
0.0163898
0.0163055
0.0162513
0.016216
0.0161927
0.0161773
0.0161673
0.0161611
0.0161578
0.0161567
0.0161571
0.0161588
0.0161615
0.0161648
0.0161687
0.0161729
0.0161774
0.016182
0.0161867
0.0161914
0.0161961
0.0162007
0.0162052
0.0162097
0.0162139
0.0162181
0.016222
0.0162259
0.0162295
0.016233
0.0162363
0.0162395
0.0162424
0.0162452
0.0162479
0.0162504
0.0162527
0.0162549
0.0162569
0.0162588
0.0162605
0.0162621
0.0162636
0.016265
0.0162662
0.0162674
0.0162684
0.0162693
0.0162701
0.0162708
0.0162714
0.0162719
0.0162724
0.0162727
0.016273
0.0162732
0.0162733
0.0162734
0.0162733
0.0162733
0.0162731
0.0162729
0.0162727
0.0162724
0.016272
0.0162716
0.0162712
0.0162707
0.0162702
0.0162696
0.016269
0.0162684
0.0162677
0.016267
0.0162663
0.0162655
0.0162647
0.0162639
0.016263
0.0162622
0.0162613
0.0162604
0.0162594
0.0162585
0.0162575
0.0162565
0.0162555
0.0162545
0.0162535
0.0162524
0.0162514
0.0162503
0.0162492
0.0162481
0.016247
0.0162459
0.0162448
0.0162436
0.0162425
0.0162414
0.0162402
0.0162391
0.0162379
0.0162367
0.0162356
0.0162344
0.0162332
0.016232
0.0162308
0.0162296
0.0162284
0.0162272
0.016226
0.0162248
0.0162236
0.0162224
0.0162212
0.01622
0.0162188
0.0162176
0.0162164
0.0162152
0.016214
0.0162128
0.0162116
0.0162104
0.0162092
0.016208
0.0162068
0.0162056
0.0162044
0.0162032
0.016202
0.0162008
0.0161996
0.0161984
0.0161972
0.016196
0.0161948
0.0161936
0.0161924
0.0161913
0.0161901
0.0161889
0.0161877
0.0161866
0.0161854
0.0161842
0.016183
0.0161819
0.0161807
0.0161796
0.0161784
0.0161773
0.0161761
0.016175
0.0161738
0.0161727
0.0161715
0.0161704
0.0161693
0.0161681
0.016167
0.0161659
0.0161648
0.0161636
0.0161625
0.0161614
0.0161603
0.0161592
0.0161581
0.016157
0.0161559
0.0161548
0.0161537
0.0161526
0.0161515
0.0161504
0.0161494
0.0161483
0.0161472
0.0161461
0.0161451
0.016144
0.0161429
0.0161419
0.0161408
0.0161398
0.0161387
0.0161377
0.0161366
0.0161356
0.0161345
0.0161335
0.0161325
0.0161314
0.0161304
0.0161294
0.0161283
0.0161273
0.0161263
0.0161253
0.0161243
0.0161233
0.0161223
0.0161213
0.0161202
0.0161193
0.0161183
0.0161173
0.0161163
0.0161153
0.0161143
0.0161133
0.0161123
0.0161114
0.0161104
0.0161094
0.0161084
0.0161075
0.0161065
0.0161055
0.0161046
0.0161036
0.0161027
0.0161017
0.0161008
0.0160998
0.0160989
0.0160979
0.016097
0.016096
0.0160951
0.0160942
0.0160932
0.0160923
0.0160914
0.0160905
0.0160895
0.0160886
0.0160877
0.0160868
0.0160859
0.016085
0.0160841
0.0160832
0.0160823
0.0160814
0.0160805
0.0160796
0.0160787
0.0160778
0.0160769
0.016076
0.0160751
0.0160742
0.0160733
0.0160725
0.0160716
0.0160707
0.0160698
0.016069
0.0160681
0.0160672
0.0160664
0.0160655
0.0160646
0.0160638
0.0160629
0.0160621
0.0160612
0.0160604
0.0160595
0.0160587
0.0160578
0.016057
0.0160562
0.0160553
0.0160545
0.0160536
0.0160528
0.016052
0.0160511
0.0160503
0.0160495
0.0160487
0.0160478
0.016047
0.0160462
0.0160454
0.0160446
0.0160438
0.016043
0.0160421
0.0160413
0.0160405
0.0160397
0.0160389
0.0160381
0.0160373
0.0160365
0.0160357
0.0160349
0.0160342
0.0160334
0.0160326
0.0160318
0.016031
0.0160302
0.0160294
0.0160287
0.0160279
0.0160271
0.0160263
0.0160255
0.0160248
0.016024
0.0160232
0.0160225
0.0160217
0.0160209
0.0160202
0.0160194
0.0160187
0.0160179
0.0160171
0.0160164
0.0160156
0.0160149
0.0160141
0.0160134
0.0160126
0.0160119
0.0160111
0.0160104
0.0160097
0.0160089
0.0160082
0.0160074
0.0160067
0.016006
0.0160052
0.0160045
0.0160038
0.016003
0.0160023
0.0160016
0.0160009
0.0160001
0.0159994
0.0159987
0.015998
0.0159972
0.0159965
0.0159958
0.0159951
0.0159944
0.0159937
0.015993
0.0159923
0.0159915
0.0159908
0.0159901
0.0159894
0.0159887
0.015988
0.0159873
0.0159866
0.0159859
0.0159852
0.0159845
0.0159838
0.0159831
0.0159825
0.0159818
0.0159811
0.0159804
0.0159797
0.015979
0.0159783
0.0159776
0.015977
0.0159763
0.0159756
0.0159749
0.0159742
0.0159736
0.0159729
0.0159722
0.0159715
0.0159709
0.0159702
0.0159695
0.0159689
0.0159682
0.0159675
0.0159669
0.0159662
0.0159655
0.0159649
0.0159642
0.0159635
0.0159629
0.0159622
0.0159616
0.0159609
0.0159603
0.0159596
0.015959
0.0159583
0.0159577
0.015957
0.0159564
0.0159557
0.0159551
0.0159544
0.0159538
0.0159531
0.0159525
0.0159518
0.0159512
0.0159506
0.0159499
0.0159493
0.0159486
0.015948
0.0159474
0.0159467
0.0159461
0.0159455
0.0159448
0.0159442
0.0159436
0.015943
0.0159423
0.0159417
0.0159411
0.0159404
0.0159398
0.0159392
0.0159386
0.015938
0.0159373
0.0159367
0.0159361
0.0159355
0.0159349
0.0159342
0.0159336
0.015933
0.0159324
0.0159318
0.0159312
0.0159306
0.01593
0.0159293
0.0159287
0.0159281
0.0159275
0.0159269
0.0159263
0.0159257
0.0159251
0.0159245
0.0159239
0.0159233
0.0159227
0.0159221
0.0159215
0.0159209
0.0159203
0.0159197
0.0159191
0.0159185
0.0159179
0.0159173
0.0159167
0.0159161
0.0159155
0.015915
0.0159144
0.0159138
0.0159132
0.0159126
0.015912
0.0159114
0.0159108
0.0159103
0.0159097
0.0159091
0.0159085
0.0159079
0.0159074
0.0159068
0.0159062
0.0159056
0.015905
0.0159045
0.0159039
0.0159033
0.0159027
0.0159022
0.0159016
0.015901
0.0159004
0.0158999
0.0158993
0.0158987
0.0158982
0.0158976
0.015897
0.0158965
0.0158959
0.0158953
0.0158948
0.0158942
0.0158936
0.0158931
0.0158925
0.0158919
0.0158914
0.0158908
0.0158903
0.0158897
0.0158891
0.0158886
0.015888
0.0158875
0.0158869
0.0158863
0.0158858
0.0158852
0.0158847
0.0158841
0.0158836
0.015883
0.0158825
0.0158819
0.0158814
0.0158808
0.0158803
0.0158797
0.0158792
0.0158786
0.0158781
0.0158775
0.015877
0.0158764
0.0158759
0.0158754
0.0158748
0.0158743
0.0158737
0.0158732
0.0158726
0.0158721
0.0158716
0.015871
0.0158705
0.0158699
0.0158694
0.0158689
0.0158683
0.0158678
0.0158673
0.0158667
0.0158662
0.0158657
0.0158651
0.0158646
0.0158641
0.0158635
0.015863
0.0158625
0.0158619
0.0158614
0.0158609
0.0158603
0.0158598
0.0158593
0.0158588
0.0158582
0.0158577
0.0158572
0.0158567
0.0158561
0.0158556
0.0158551
0.0158546
0.015854
0.0158535
0.015853
0.0158525
0.0158519
0.0158514
0.0158509
0.0158504
0.0158499
0.0158493
0.0158488
0.0158483
0.0158478
0.0158473
0.0158468
0.0158462
0.0158457
0.0158452
0.0158447
0.0158442
0.0158437
0.0158432
0.0158427
0.0158421
0.0158416
0.0158411
0.0158406
0.0158401
0.0158396
0.0158391
0.0158386
0.0158381
0.0158376
0.015837
0.0158365
0.015836
0.0158355
0.015835
0.0158345
0.015834
0.0158335
0.015833
0.0158325
0.015832
0.0158315
0.015831
0.0158305
0.01583
0.0158295
0.015829
0.0158285
0.015828
0.0158275
0.015827
0.0158265
0.015826
0.0158255
0.015825
0.0158245
0.015824
0.0158235
0.015823
0.0158225
0.015822
0.0158215
0.015821
0.0158205
0.01582
0.0158195
0.0158191
0.0158186
0.0158181
0.0158176
0.0158171
0.0158166
0.0158161
0.0158156
0.0158151
0.0158146
0.0158142
0.0158137
0.0158132
0.0158127
0.0158122
0.0158117
0.0158112
0.0158107
0.0158103
0.0158098
0.0158093
0.0158088
0.0158083
0.0158078
0.0158073
0.0158069
0.0158064
0.0158059
0.0158054
0.0158049
0.0158045
0.015804
0.0158035
0.015803
0.0158025
0.0158021
0.0158016
0.0158011
0.0158006
0.0158001
0.0157997
0.0157992
0.0157987
0.0157982
0.0157977
0.0157973
0.0157968
0.0157963
0.0157958
0.0157954
0.0157949
0.0157944
0.0157939
0.0157935
0.015793
0.0157925
0.0157921
0.0157916
0.0157911
0.0157906
0.0157902
0.0157897
0.0157892
0.0157888
0.0157883
0.0157878
0.0157873
0.0157869
0.0157864
0.0157859
0.0157855
0.015785
0.0157845
0.0157841
0.0157836
0.0157831
0.0157827
0.0157822
0.0157817
0.0157813
0.0157808
0.0157803
0.0157799
0.0157794
0.0157789
0.0157785
0.015778
0.0157776
0.0157771
0.0157766
0.0157762
0.0157757
0.0157752
0.0157748
0.0157743
0.0157739
0.0157734
0.0157729
0.0157725
0.015772
0.0157716
0.0157711
0.0157706
0.0157702
0.0157697
0.0157693
0.0157688
0.0157684
0.0157679
0.0157674
0.015767
0.0157665
0.0157661
0.0157656
0.0157652
0.0157647
0.0157643
0.0157638
0.0157633
0.0157629
0.0157624
0.015762
0.0157615
0.0157611
0.0157606
0.0157602
0.0157597
0.0157593
0.0157588
0.0157584
0.0157579
0.0157575
0.015757
0.0157566
0.0157561
0.0157557
0.0157552
0.0157548
