0.0157008
0.0151293
0.0148788
0.014734
0.0146559
0.0146119
0.0145846
0.0145661
0.0145526
0.0145421
0.0145337
0.0145268
0.0145209
0.0145158
0.0145114
0.0145075
0.0145041
0.0145011
0.0144983
0.0144959
0.0144936
0.0144915
0.0144895
0.0144877
0.0144859
0.0144843
0.0144828
0.0144813
0.0144799
0.0144786
0.0144773
0.014476
0.0144749
0.0144737
0.0144726
0.0144715
0.0144705
0.0144695
0.0144685
0.0144676
0.0144667
0.0144658
0.014465
0.0144641
0.0144633
0.0144626
0.0144618
0.0144611
0.0144603
0.0144597
0.014459
0.0144583
0.0144577
0.0144571
0.0144565
0.0144559
0.0144553
0.0144547
0.0144542
0.0144537
0.0144531
0.0144526
0.0144521
0.0144517
0.0144512
0.0144507
0.0144503
0.0144499
0.0144494
0.014449
0.0144486
0.0144482
0.0144478
0.0144475
0.0144471
0.0144467
0.0144464
0.014446
0.0144457
0.0144454
0.014445
0.0144447
0.0144444
0.0144441
0.0144438
0.0144435
0.0144432
0.0144429
0.0144426
0.0144424
0.0144421
0.0144418
0.0144416
0.0144413
0.0144411
0.0144408
0.0144406
0.0144403
0.0144401
0.0144398
0.0144396
0.0144394
0.0144392
0.0144389
0.0144387
0.0144385
0.0144383
0.0144381
0.0144379
0.0144377
0.0144375
0.0144373
0.0144371
0.0144369
0.0144367
0.0144365
0.0144363
0.0144361
0.0144359
0.0144357
0.0144355
0.0144353
0.0144351
0.014435
0.0144348
0.0144346
0.0144344
0.0144342
0.0144341
0.0144339
0.0144337
0.0144335
0.0144334
0.0144332
0.014433
0.0144329
0.0144327
0.0144325
0.0144324
0.0144322
0.014432
0.0144318
0.0144317
0.0144315
0.0144313
0.0144312
0.014431
0.0144309
0.0144307
0.0144305
0.0144304
0.0144302
0.01443
0.0144299
0.0144297
0.0144295
0.0144294
0.0144292
0.0144291
0.0144289
0.0144287
0.0144286
0.0144284
0.0144282
0.0144281
0.0144279
0.0144277
0.0144276
0.0144274
0.0144273
0.0144271
0.0144269
0.0144268
0.0144266
0.0144264
0.0144263
0.0144261
0.0144259
0.0144258
0.0144256
0.0144254
0.0144253
0.0144251
0.0144249
0.0144248
0.0144246
0.0144244
0.0144243
0.0144241
0.0144239
0.0144238
0.0144236
0.0144234
0.0144233
0.0144231
0.0144229
0.0144227
0.0144226
0.0144224
0.0144222
0.014422
0.0144219
0.0144217
0.0144215
0.0144213
0.0144212
0.014421
0.0144208
0.0144206
0.0144205
0.0144203
0.0144201
0.0144199
0.0144197
0.0144196
0.0144194
0.0144192
0.014419
0.0144188
0.0144187
0.0144185
0.0144183
0.0144181
0.0144179
0.0144177
0.0144175
0.0144174
0.0144172
0.014417
0.0144168
0.0144166
0.0144164
0.0144162
0.014416
0.0144158
0.0144156
0.0144155
0.0144153
0.0144151
0.0144149
0.0144147
0.0144145
0.0144143
0.0144141
0.0144139
0.0144137
0.0144135
0.0144133
0.0144131
0.0144129
0.0144127
0.0144125
0.0144123
0.0144121
0.0144119
0.0144117
0.0144115
0.0144113
0.0144111
0.0144109
0.0144106
0.0144104
0.0144102
0.01441
0.0144098
0.0144096
0.0144094
0.0144092
0.014409
0.0144087
0.0144085
0.0144083
0.0144081
0.0144079
0.0144077
0.0144075
0.0144072
0.014407
0.0144068
0.0144066
0.0144064
0.0144061
0.0144059
0.0144057
0.0144055
0.0144053
0.014405
0.0144048
0.0144046
0.0144044
0.0144041
0.0144039
0.0144037
0.0144034
0.0144032
0.014403
0.0144028
0.0144025
0.0144023
0.0144021
0.0144018
0.0144016
0.0144014
0.0144011
0.0144009
0.0144007
0.0144004
0.0144002
0.0143999
0.0143997
0.0143995
0.0143992
0.014399
0.0143987
0.0143985
0.0143983
0.014398
0.0143978
0.0143975
0.0143973
0.014397
0.0143968
0.0143966
0.0143963
0.0143961
0.0143958
0.0143956
0.0143953
0.0143951
0.0143948
0.0143946
0.0143943
0.0143941
0.0143938
0.0143936
0.0143933
0.014393
0.0143928
0.0143925
0.0143923
0.014392
0.0143918
0.0143915
0.0143912
0.014391
0.0143907
0.0143905
0.0143902
0.0143899
0.0143897
0.0143894
0.0143892
0.0143889
0.0143886
0.0143884
0.0143881
0.0143878
0.0143876
0.0143873
0.014387
0.0143868
0.0143865
0.0143862
0.014386
0.0143857
0.0143854
0.0143851
0.0143849
0.0143846
0.0143843
0.0143841
0.0143838
0.0143835
0.0143832
0.014383
0.0143827
0.0143824
0.0143821
0.0143819
0.0143816
0.0143813
0.014381
0.0143807
0.0143805
0.0143802
0.0143799
0.0143796
0.0143793
0.014379
0.0143788
0.0143785
0.0143782
0.0143779
0.0143776
0.0143773
0.0143771
0.0143768
0.0143765
0.0143762
0.0143759
0.0143756
0.0143753
0.014375
0.0143747
0.0143745
0.0143742
0.0143739
0.0143736
0.0143733
0.014373
0.0143727
0.0143724
0.0143721
0.0143718
0.0143715
0.0143712
0.0143709
0.0143706
0.0143703
0.01437
0.0143697
0.0143694
0.0143691
0.0143688
0.0143685
0.0143682
0.0143679
0.0143676
0.0143673
0.014367
0.0143667
0.0143664
0.0143661
0.0143658
0.0143655
0.0143652
0.0143649
0.0143646
0.0143643
0.014364
0.0143637
0.0143634
0.0143631
0.0143628
0.0143625
0.0143621
0.0143618
0.0143615
0.0143612
0.0143609
0.0143606
0.0143603
0.01436
0.0143597
0.0143593
0.014359
0.0143587
0.0143584
0.0143581
0.0143578
0.0143575
0.0143571
0.0143568
0.0143565
0.0143562
0.0143559
0.0143556
0.0143552
0.0143549
0.0143546
0.0143543
0.014354
0.0143537
0.0143533
0.014353
0.0143527
0.0143524
0.0143521
0.0143517
0.0143514
0.0143511
0.0143508
0.0143504
0.0143501
0.0143498
0.0143495
0.0143491
0.0143488
0.0143485
0.0143482
0.0143478
0.0143475
0.0143472
0.0143469
0.0143465
0.0143462
0.0143459
0.0143456
0.0143452
0.0143449
0.0143446
0.0143442
0.0143439
0.0143436
0.0143433
0.0143429
0.0143426
0.0143423
0.0143419
0.0143416
0.0143413
0.0143409
0.0143406
0.0143403
0.0143399
0.0143396
0.0143393
0.0143389
0.0143386
0.0143383
0.0143379
0.0143376
0.0143373
0.0143369
0.0143366
0.0143362
0.0143359
0.0143356
0.0143352
0.0143349
0.0143346
0.0143342
0.0143339
0.0143335
0.0143332
0.0143329
0.0143325
0.0143322
0.0143319
0.0143315
0.0143312
0.0143308
0.0143305
0.0143301
0.0143298
0.0143295
0.0143291
0.0143288
0.0143284
0.0143281
0.0143278
0.0143274
0.0143271
0.0143267
0.0143264
0.014326
0.0143257
0.0143253
0.014325
0.0143247
0.0143243
0.014324
0.0143236
0.0143233
0.0143229
0.0143226
0.0143222
0.0143219
0.0143215
0.0143212
0.0143208
0.0143205
0.0143201
0.0143198
0.0143195
0.0143191
0.0143188
0.0143184
0.0143181
0.0143177
0.0143174
0.014317
0.0143167
0.0143163
0.014316
0.0143156
0.0143153
0.0143149
0.0143145
0.0143142
0.0143138
0.0143135
0.0143131
0.0143128
0.0143124
0.0143121
0.0143117
0.0143114
0.014311
0.0143107
0.0143103
0.01431
0.0143096
0.0143093
0.0143089
0.0143085
0.0143082
0.0143078
0.0143075
0.0143071
0.0143068
0.0143064
0.0143061
0.0143057
0.0143053
0.014305
0.0143046
0.0143043
0.0143039
0.0143036
0.0143032
0.0143029
0.0143025
0.0143021
0.0143018
0.0143014
0.0143011
0.0143007
0.0143003
0.0143
0.0142996
0.0142993
0.0142989
0.0142986
0.0142982
0.0142978
0.0142975
0.0142971
0.0142968
0.0142964
0.014296
0.0142957
0.0142953
0.014295
0.0142946
0.0142942
0.0142939
0.0142935
0.0142931
0.0142928
0.0142924
0.0142921
0.0142917
0.0142913
0.014291
0.0142906
0.0142903
0.0142899
0.0142895
0.0142892
0.0142888
0.0142884
0.0142881
0.0142877
0.0142874
0.014287
0.0142866
0.0142863
0.0142859
0.0142855
0.0142852
0.0142848
0.0142844
0.0142841
0.0142837
0.0142833
0.014283
0.0142826
0.0142823
0.0142819
0.0142815
0.0142812
0.0142808
0.0142804
0.0142801
0.0142797
0.0142793
0.014279
0.0142786
0.0142782
0.0142779
0.0142775
0.0142771
0.0142768
0.0142764
0.014276
0.0142757
0.0142753
0.0142749
0.0142746
0.0142742
0.0142738
0.0142735
0.0142731
0.0142727
0.0142724
0.014272
0.0142716
0.0142713
0.0142709
0.0142705
0.0142702
0.0142698
0.0142694
0.0142691
0.0142687
0.0142683
0.014268
0.0142676
0.0142672
0.0142668
0.0142665
0.0142661
0.0142657
0.0142654
0.014265
0.0142646
0.0142643
0.0142639
0.0142635
0.0142632
0.0142628
0.0142624
0.014262
0.0142617
0.0142613
0.0142609
0.0142606
0.0142602
0.0142598
0.0142595
0.0142591
0.0142587
0.0142583
0.014258
0.0142576
0.0142572
0.0142569
0.0142565
0.0142561
0.0142558
0.0142554
0.014255
0.0142546
0.0142543
0.0142539
0.0142535
0.0142532
0.0142528
0.0142524
0.014252
0.0142517
0.0142513
0.0142509
0.0142506
0.0142502
0.0142498
0.0142494
0.0142491
0.0142487
0.0142483
0.014248
0.0142476
0.0142472
0.0142468
0.0142465
0.0142461
0.0142457
0.0142454
0.014245
0.0142446
0.0142442
0.0142439
0.0142435
0.0142431
0.0142428
0.0142424
0.014242
0.0142416
0.0142413
0.0142409
0.0142405
0.0142402
0.0142398
0.0142394
0.014239
0.0142387
0.0142383
0.0142379
0.0142375
