0.0124731
0.0122829
0.0120816
0.0119626
0.0119062
0.011891
0.0118974
0.0119117
0.0119262
0.0119379
0.0119461
0.0119513
0.0119543
0.0119559
0.0119567
0.0119569
0.0119569
0.0119569
0.0119568
0.0119568
0.0119568
0.0119568
0.0119568
0.0119568
0.0119569
0.0119569
0.0119569
0.0119569
0.0119569
0.0119569
0.0119569
0.0119569
0.0119569
0.0119569
0.0119569
0.0119568
0.0119568
0.0119568
0.0119568
0.0119567
0.0119567
0.0119567
0.0119566
0.0119566
0.0119565
0.0119565
0.0119565
0.0119564
0.0119564
0.0119564
0.0119563
0.0119563
0.0119562
0.0119562
0.0119562
0.0119561
0.0119561
0.011956
0.011956
0.0119559
0.0119559
0.0119559
0.0119558
0.0119558
0.0119557
0.0119557
0.0119557
0.0119556
0.0119556
0.0119555
0.0119555
0.0119555
0.0119554
0.0119554
0.0119553
0.0119553
0.0119553
0.0119552
0.0119552
0.0119552
0.0119551
0.0119551
0.011955
0.011955
0.011955
0.0119549
0.0119549
0.0119549
0.0119548
0.0119548
0.0119547
0.0119547
0.0119547
0.0119546
0.0119546
0.0119546
0.0119545
0.0119545
0.0119545
0.0119544
0.0119544
0.0119544
0.0119543
0.0119543
0.0119543
0.0119542
0.0119542
0.0119541
0.0119541
0.0119541
0.011954
0.011954
0.011954
0.0119539
0.0119539
0.0119539
0.0119538
0.0119538
0.0119538
0.0119537
0.0119537
0.0119537
0.0119536
0.0119536
0.0119536
0.0119535
0.0119535
0.0119535
0.0119534
0.0119534
0.0119534
0.0119533
0.0119533
0.0119533
0.0119532
0.0119532
0.0119532
0.0119531
0.0119531
0.0119531
0.011953
0.011953
0.011953
0.0119529
0.0119529
0.0119529
0.0119529
0.0119528
0.0119528
0.0119528
0.0119527
0.0119527
0.0119527
0.0119526
0.0119526
0.0119526
0.0119525
0.0119525
0.0119525
0.0119524
0.0119524
0.0119524
0.0119523
0.0119523
0.0119523
0.0119522
0.0119522
0.0119522
0.0119521
0.0119521
0.0119521
0.011952
0.011952
0.011952
0.0119519
0.0119519
0.0119519
0.0119518
0.0119518
0.0119518
0.0119518
0.0119517
0.0119517
0.0119517
0.0119516
0.0119516
0.0119516
0.0119515
0.0119515
0.0119515
0.0119514
0.0119514
0.0119514
0.0119513
0.0119513
0.0119513
0.0119512
0.0119512
0.0119512
0.0119511
0.0119511
0.0119511
0.011951
0.011951
0.011951
0.0119509
0.0119509
0.0119509
0.0119508
0.0119508
0.0119508
0.0119507
0.0119507
0.0119507
0.0119506
0.0119506
0.0119506
0.0119505
0.0119505
0.0119505
0.0119504
0.0119504
0.0119504
0.0119503
0.0119503
0.0119503
0.0119502
0.0119502
0.0119502
0.0119501
0.0119501
0.0119501
0.01195
0.01195
0.0119499
0.0119499
0.0119499
0.0119498
0.0119498
0.0119498
0.0119497
0.0119497
0.0119497
0.0119496
0.0119496
0.0119496
0.0119495
0.0119495
0.0119495
0.0119494
0.0119494
0.0119493
0.0119493
0.0119493
0.0119492
0.0119492
0.0119492
0.0119491
0.0119491
0.0119491
0.011949
0.011949
0.0119489
0.0119489
0.0119489
0.0119488
0.0119488
0.0119488
0.0119487
0.0119487
0.0119486
0.0119486
0.0119486
0.0119485
0.0119485
0.0119485
0.0119484
0.0119484
0.0119483
0.0119483
0.0119483
0.0119482
0.0119482
0.0119482
0.0119481
0.0119481
0.011948
0.011948
0.011948
0.0119479
0.0119479
0.0119478
0.0119478
0.0119478
0.0119477
0.0119477
0.0119476
0.0119476
0.0119476
0.0119475
0.0119475
0.0119474
0.0119474
0.0119474
0.0119473
0.0119473
0.0119472
0.0119472
0.0119472
0.0119471
0.0119471
0.011947
0.011947
0.011947
0.0119469
0.0119469
0.0119468
0.0119468
0.0119467
0.0119467
0.0119467
0.0119466
0.0119466
0.0119465
0.0119465
0.0119465
0.0119464
0.0119464
0.0119463
0.0119463
0.0119462
0.0119462
0.0119461
0.0119461
0.0119461
0.011946
0.011946
0.0119459
0.0119459
0.0119458
0.0119458
0.0119458
0.0119457
0.0119457
0.0119456
0.0119456
0.0119455
0.0119455
0.0119454
0.0119454
0.0119453
0.0119453
0.0119453
0.0119452
0.0119452
0.0119451
0.0119451
0.011945
0.011945
0.0119449
0.0119449
0.0119448
0.0119448
0.0119447
0.0119447
0.0119447
0.0119446
0.0119446
0.0119445
0.0119445
0.0119444
0.0119444
0.0119443
0.0119443
0.0119442
0.0119442
0.0119441
0.0119441
0.011944
0.011944
0.0119439
0.0119439
0.0119438
0.0119438
0.0119437
0.0119437
0.0119436
0.0119436
0.0119435
0.0119435
0.0119434
0.0119434
0.0119433
0.0119433
0.0119432
0.0119432
0.0119431
0.0119431
0.011943
0.011943
0.0119429
0.0119429
0.0119428
0.0119428
0.0119427
0.0119427
0.0119426
0.0119426
0.0119425
0.0119425
0.0119424
0.0119423
0.0119423
0.0119422
0.0119422
0.0119421
0.0119421
0.011942
0.011942
0.0119419
0.0119419
0.0119418
0.0119418
0.0119417
0.0119416
0.0119416
0.0119415
0.0119415
0.0119414
0.0119414
0.0119413
0.0119413
0.0119412
0.0119411
0.0119411
0.011941
0.011941
0.0119409
0.0119409
0.0119408
0.0119408
0.0119407
0.0119406
0.0119406
0.0119405
0.0119405
0.0119404
0.0119404
0.0119403
0.0119402
0.0119402
0.0119401
0.0119401
0.01194
0.0119399
0.0119399
0.0119398
0.0119398
0.0119397
0.0119396
0.0119396
0.0119395
0.0119395
0.0119394
0.0119393
0.0119393
0.0119392
0.0119392
0.0119391
0.011939
0.011939
0.0119389
0.0119389
0.0119388
0.0119387
0.0119387
0.0119386
0.0119386
0.0119385
0.0119384
0.0119384
0.0119383
0.0119382
0.0119382
0.0119381
0.0119381
0.011938
0.0119379
0.0119379
0.0119378
0.0119377
0.0119377
0.0119376
0.0119375
0.0119375
0.0119374
0.0119374
0.0119373
0.0119372
0.0119372
0.0119371
0.011937
0.011937
0.0119369
0.0119368
0.0119368
0.0119367
0.0119366
0.0119366
0.0119365
0.0119364
0.0119364
0.0119363
0.0119362
0.0119362
0.0119361
0.011936
0.011936
0.0119359
0.0119358
0.0119358
0.0119357
0.0119356
0.0119356
0.0119355
0.0119354
0.0119354
0.0119353
0.0119352
0.0119352
0.0119351
0.011935
0.0119349
0.0119349
0.0119348
0.0119347
0.0119347
0.0119346
0.0119345
0.0119345
0.0119344
0.0119343
0.0119342
0.0119342
0.0119341
0.011934
0.011934
0.0119339
0.0119338
0.0119337
0.0119337
0.0119336
0.0119335
0.0119335
0.0119334
0.0119333
0.0119332
0.0119332
0.0119331
0.011933
0.0119329
0.0119329
0.0119328
0.0119327
0.0119326
0.0119326
0.0119325
0.0119324
0.0119324
0.0119323
0.0119322
0.0119321
0.0119321
0.011932
0.0119319
0.0119318
0.0119318
0.0119317
0.0119316
0.0119315
0.0119314
0.0119314
0.0119313
0.0119312
0.0119311
0.0119311
0.011931
0.0119309
0.0119308
0.0119308
0.0119307
0.0119306
0.0119305
0.0119304
0.0119304
0.0119303
0.0119302
0.0119301
0.0119301
0.01193
0.0119299
0.0119298
0.0119297
0.0119297
0.0119296
0.0119295
0.0119294
0.0119293
0.0119293
0.0119292
0.0119291
0.011929
0.0119289
0.0119289
0.0119288
0.0119287
0.0119286
0.0119285
0.0119285
0.0119284
0.0119283
0.0119282
0.0119281
0.011928
0.011928
0.0119279
0.0119278
0.0119277
0.0119276
0.0119276
0.0119275
0.0119274
0.0119273
0.0119272
0.0119271
0.0119271
0.011927
0.0119269
0.0119268
0.0119267
0.0119266
0.0119265
0.0119265
0.0119264
0.0119263
0.0119262
0.0119261
0.011926
0.011926
0.0119259
0.0119258
0.0119257
0.0119256
0.0119255
0.0119254
0.0119253
0.0119253
0.0119252
0.0119251
0.011925
0.0119249
0.0119248
0.0119247
0.0119247
0.0119246
0.0119245
0.0119244
0.0119243
0.0119242
0.0119241
0.011924
0.011924
0.0119239
0.0119238
0.0119237
0.0119236
0.0119235
0.0119234
0.0119233
0.0119232
0.0119231
0.0119231
0.011923
0.0119229
0.0119228
0.0119227
0.0119226
0.0119225
0.0119224
0.0119223
0.0119222
0.0119222
0.0119221
0.011922
0.0119219
0.0119218
0.0119217
0.0119216
0.0119215
0.0119214
0.0119213
0.0119212
0.0119211
0.0119211
0.011921
0.0119209
0.0119208
0.0119207
0.0119206
0.0119205
0.0119204
0.0119203
0.0119202
0.0119201
0.01192
0.0119199
0.0119198
0.0119197
0.0119196
0.0119196
0.0119195
0.0119194
0.0119193
0.0119192
0.0119191
0.011919
0.0119189
0.0119188
0.0119187
0.0119186
0.0119185
0.0119184
0.0119183
0.0119182
0.0119181
0.011918
0.0119179
0.0119178
0.0119177
0.0119176
0.0119175
0.0119174
0.0119173
0.0119172
0.0119171
0.011917
0.011917
0.0119169
0.0119168
0.0119167
0.0119166
0.0119165
0.0119164
0.0119163
0.0119162
0.0119161
0.011916
0.0119159
0.0119158
0.0119157
0.0119156
0.0119155
0.0119154
0.0119153
0.0119152
0.0119151
0.011915
0.0119149
0.0119148
0.0119147
0.0119146
0.0119145
0.0119144
0.0119143
0.0119142
0.0119141
0.011914
0.0119139
0.0119138
0.0119136
0.0119135
0.0119134
0.0119133
0.0119132
0.0119131
0.011913
0.0119129
0.0119128
0.0119127
0.0119126
0.0119125
0.0119124
0.0119123
0.0119122
0.0119121
0.011912
0.0119119
0.0119118
0.0119117
0.0119116
