0.013126
0.012894
0.0126985
0.0126079
0.0125752
0.0125683
0.0125699
0.0125728
0.0125748
0.0125753
0.0125746
0.0125732
0.0125713
0.0125691
0.0125669
0.0125646
0.0125624
0.0125602
0.012558
0.0125559
0.0125539
0.0125519
0.01255
0.0125481
0.0125462
0.0125445
0.0125427
0.012541
0.0125394
0.0125378
0.0125363
0.0125348
0.0125333
0.0125319
0.0125305
0.0125292
0.0125279
0.0125266
0.0125254
0.0125242
0.012523
0.0125218
0.0125207
0.0125196
0.0125186
0.0125175
0.0125165
0.0125156
0.0125146
0.0125137
0.0125127
0.0125119
0.012511
0.0125101
0.0125093
0.0125085
0.0125077
0.0125069
0.0125062
0.0125054
0.0125047
0.012504
0.0125033
0.0125026
0.0125019
0.0125013
0.0125007
0.0125
0.0124994
0.0124988
0.0124982
0.0124976
0.0124971
0.0124965
0.012496
0.0124954
0.0124949
0.0124944
0.0124939
0.0124934
0.0124929
0.0124924
0.012492
0.0124915
0.012491
0.0124906
0.0124902
0.0124897
0.0124893
0.0124889
0.0124885
0.0124881
0.0124877
0.0124873
0.0124869
0.0124865
0.0124861
0.0124857
0.0124854
0.012485
0.0124846
0.0124843
0.0124839
0.0124836
0.0124833
0.0124829
0.0124826
0.0124823
0.012482
0.0124816
0.0124813
0.012481
0.0124807
0.0124804
0.0124801
0.0124798
0.0124795
0.0124792
0.0124789
0.0124786
0.0124783
0.0124781
0.0124778
0.0124775
0.0124772
0.012477
0.0124767
0.0124764
0.0124762
0.0124759
0.0124756
0.0124754
0.0124751
0.0124749
0.0124746
0.0124744
0.0124741
0.0124739
0.0124736
0.0124734
0.0124732
0.0124729
0.0124727
0.0124725
0.0124722
0.012472
0.0124718
0.0124715
0.0124713
0.0124711
0.0124708
0.0124706
0.0124704
0.0124702
0.01247
0.0124697
0.0124695
0.0124693
0.0124691
0.0124689
0.0124687
0.0124684
0.0124682
0.012468
0.0124678
0.0124676
0.0124674
0.0124672
0.012467
0.0124668
0.0124666
0.0124664
0.0124662
0.012466
0.0124658
0.0124656
0.0124653
0.0124651
0.012465
0.0124648
0.0124646
0.0124644
0.0124642
0.012464
0.0124638
0.0124636
0.0124634
0.0124632
0.012463
0.0124628
0.0124626
0.0124624
0.0124622
0.012462
0.0124618
0.0124617
0.0124615
0.0124613
0.0124611
0.0124609
0.0124607
0.0124605
0.0124603
0.0124602
0.01246
0.0124598
0.0124596
0.0124594
0.0124592
0.0124591
0.0124589
0.0124587
0.0124585
0.0124583
0.0124581
0.012458
0.0124578
0.0124576
0.0124574
0.0124572
0.0124571
0.0124569
0.0124567
0.0124565
0.0124563
0.0124562
0.012456
0.0124558
0.0124556
0.0124555
0.0124553
0.0124551
0.0124549
0.0124547
0.0124546
0.0124544
0.0124542
0.012454
0.0124539
0.0124537
0.0124535
0.0124533
0.0124532
0.012453
0.0124528
0.0124527
0.0124525
0.0124523
0.0124521
0.012452
0.0124518
0.0124516
0.0124514
0.0124513
0.0124511
0.0124509
0.0124508
0.0124506
0.0124504
0.0124502
0.0124501
0.0124499
0.0124497
0.0124496
0.0124494
0.0124492
0.0124491
0.0124489
0.0124487
0.0124485
0.0124484
0.0124482
0.012448
0.0124479
0.0124477
0.0124475
0.0124474
0.0124472
0.012447
0.0124469
0.0124467
0.0124465
0.0124464
0.0124462
0.012446
0.0124458
0.0124457
0.0124455
0.0124453
0.0124452
0.012445
0.0124448
0.0124447
0.0124445
0.0124443
0.0124442
0.012444
0.0124438
0.0124437
0.0124435
0.0124433
0.0124432
0.012443
0.0124428
0.0124427
0.0124425
0.0124424
0.0124422
0.012442
0.0124419
0.0124417
0.0124415
0.0124414
0.0124412
0.012441
0.0124409
0.0124407
0.0124405
0.0124404
0.0124402
0.01244
0.0124399
0.0124397
0.0124395
0.0124394
0.0124392
0.012439
0.0124389
0.0124387
0.0124386
0.0124384
0.0124382
0.0124381
0.0124379
0.0124377
0.0124376
0.0124374
0.0124372
0.0124371
0.0124369
0.0124367
0.0124366
0.0124364
0.0124363
0.0124361
0.0124359
0.0124358
0.0124356
0.0124354
0.0124353
0.0124351
0.0124349
0.0124348
0.0124346
0.0124344
0.0124343
0.0124341
0.012434
0.0124338
0.0124336
0.0124335
0.0124333
0.0124331
0.012433
0.0124328
0.0124326
0.0124325
0.0124323
0.0124321
0.012432
0.0124318
0.0124317
0.0124315
0.0124313
0.0124312
0.012431
0.0124308
0.0124307
0.0124305
0.0124303
0.0124302
0.01243
0.0124298
0.0124297
0.0124295
0.0124294
0.0124292
0.012429
0.0124289
0.0124287
0.0124285
0.0124284
0.0124282
0.012428
0.0124279
0.0124277
0.0124275
0.0124274
0.0124272
0.0124271
0.0124269
0.0124267
0.0124266
0.0124264
0.0124262
0.0124261
0.0124259
0.0124257
0.0124256
0.0124254
0.0124252
0.0124251
0.0124249
0.0124247
0.0124246
0.0124244
0.0124242
0.0124241
0.0124239
0.0124237
0.0124236
0.0124234
0.0124233
0.0124231
0.0124229
0.0124228
0.0124226
0.0124224
0.0124223
0.0124221
0.0124219
0.0124218
0.0124216
0.0124214
0.0124213
0.0124211
0.0124209
0.0124208
0.0124206
0.0124204
0.0124203
0.0124201
0.0124199
0.0124198
0.0124196
0.0124194
0.0124193
0.0124191
0.0124189
0.0124188
0.0124186
0.0124184
0.0124183
0.0124181
0.0124179
0.0124177
0.0124176
0.0124174
0.0124172
0.0124171
0.0124169
0.0124167
0.0124166
0.0124164
0.0124162
0.0124161
0.0124159
0.0124157
0.0124156
0.0124154
0.0124152
0.0124151
0.0124149
0.0124147
0.0124145
0.0124144
0.0124142
0.012414
0.0124139
0.0124137
0.0124135
0.0124134
0.0124132
0.012413
0.0124129
0.0124127
0.0124125
0.0124123
0.0124122
0.012412
0.0124118
0.0124117
0.0124115
0.0124113
0.0124111
0.012411
0.0124108
0.0124106
0.0124105
0.0124103
0.0124101
0.0124099
0.0124098
0.0124096
0.0124094
0.0124093
0.0124091
0.0124089
0.0124087
0.0124086
0.0124084
0.0124082
0.0124081
0.0124079
0.0124077
0.0124075
0.0124074
0.0124072
0.012407
0.0124068
0.0124067
0.0124065
0.0124063
0.0124061
0.012406
0.0124058
0.0124056
0.0124055
0.0124053
0.0124051
0.0124049
0.0124048
0.0124046
0.0124044
0.0124042
0.0124041
0.0124039
0.0124037
0.0124035
0.0124034
0.0124032
0.012403
0.0124028
0.0124026
0.0124025
0.0124023
0.0124021
0.0124019
0.0124018
0.0124016
0.0124014
0.0124012
0.0124011
0.0124009
0.0124007
0.0124005
0.0124004
0.0124002
0.0124
0.0123998
0.0123996
0.0123995
0.0123993
0.0123991
0.0123989
0.0123988
0.0123986
0.0123984
0.0123982
0.012398
0.0123979
0.0123977
0.0123975
0.0123973
0.0123971
0.012397
0.0123968
0.0123966
0.0123964
0.0123962
0.0123961
0.0123959
0.0123957
0.0123955
0.0123953
0.0123952
0.012395
0.0123948
0.0123946
0.0123944
0.0123943
0.0123941
0.0123939
0.0123937
0.0123935
0.0123933
0.0123932
0.012393
0.0123928
0.0123926
0.0123924
0.0123923
0.0123921
0.0123919
0.0123917
0.0123915
0.0123913
0.0123912
0.012391
0.0123908
0.0123906
0.0123904
0.0123902
0.0123901
0.0123899
0.0123897
0.0123895
0.0123893
0.0123891
0.0123889
0.0123888
0.0123886
0.0123884
0.0123882
0.012388
0.0123878
0.0123876
0.0123875
0.0123873
0.0123871
0.0123869
0.0123867
0.0123865
0.0123863
0.0123862
0.012386
0.0123858
0.0123856
0.0123854
0.0123852
0.012385
0.0123848
0.0123847
0.0123845
0.0123843
0.0123841
0.0123839
0.0123837
0.0123835
0.0123833
0.0123832
0.012383
0.0123828
0.0123826
0.0123824
0.0123822
0.012382
0.0123818
0.0123816
0.0123814
0.0123813
0.0123811
0.0123809
0.0123807
0.0123805
0.0123803
0.0123801
0.0123799
0.0123797
0.0123795
0.0123794
0.0123792
0.012379
0.0123788
0.0123786
0.0123784
0.0123782
0.012378
0.0123778
0.0123776
0.0123774
0.0123772
0.012377
0.0123769
0.0123767
0.0123765
0.0123763
0.0123761
0.0123759
0.0123757
0.0123755
0.0123753
0.0123751
0.0123749
0.0123747
0.0123745
0.0123743
0.0123741
0.0123739
0.0123737
0.0123736
0.0123734
0.0123732
0.012373
0.0123728
0.0123726
0.0123724
0.0123722
0.012372
0.0123718
0.0123716
0.0123714
0.0123712
0.012371
0.0123708
0.0123706
0.0123704
0.0123702
0.01237
0.0123698
0.0123696
0.0123694
0.0123692
0.012369
0.0123688
0.0123686
0.0123684
0.0123682
0.012368
0.0123678
0.0123676
0.0123674
0.0123672
0.012367
0.0123668
0.0123666
0.0123664
0.0123662
0.012366
0.0123658
0.0123656
0.0123654
0.0123652
0.012365
0.0123648
0.0123646
0.0123644
0.0123642
0.012364
0.0123638
0.0123636
0.0123634
0.0123632
0.012363
0.0123628
0.0123626
0.0123624
0.0123622
0.012362
0.0123618
0.0123616
0.0123614
0.0123612
0.012361
0.0123608
0.0123606
0.0123604
0.0123602
0.01236
0.0123598
0.0123596
0.0123594
0.0123591
0.0123589
0.0123587
0.0123585
0.0123583
0.0123581
0.0123579
0.0123577
0.0123575
0.0123573
0.0123571
0.0123569
0.0123567
0.0123565
0.0123563
0.0123561
0.0123559
0.0123556
0.0123554
0.0123552
0.012355
0.0123548
0.0123546
0.0123544
0.0123542
0.012354
0.0123538
0.0123536
