0.114028
0.10731
0.0762681
0.0635762
0.0598069
0.0561812
0.0536382
0.0509113
0.0482325
0.0461005
0.0446277
0.0435935
0.0428115
0.0421862
0.0416684
0.041229
0.0408494
0.0405167
0.0402215
0.0399567
0.0397173
0.0394992
0.0392992
0.0391148
0.0389442
0.0387856
0.0386378
0.0384997
0.0383703
0.0382488
0.0381344
0.0380267
0.0379249
0.0378287
0.0377377
0.0376513
0.0375694
0.0374915
0.0374174
0.0373469
0.0372796
0.0372154
0.0371541
0.0370955
0.0370395
0.0369858
0.0369344
0.0368851
0.0368378
0.0367924
0.0367488
0.0367069
0.0366666
0.0366278
0.0365904
0.0365544
0.0365197
0.0364863
0.036454
0.0364228
0.0363928
0.0363637
0.0363356
0.0363085
0.0362822
0.0362568
0.0362322
0.0362084
0.0361853
0.0361629
0.0361413
0.0361203
0.0360999
0.0360801
0.0360609
0.0360423
0.0360242
0.0360067
0.0359896
0.0359731
0.0359569
0.0359413
0.0359261
0.0359112
0.0358968
0.0358828
0.0358692
0.0358559
0.035843
0.0358304
0.0358181
0.0358061
0.0357945
0.0357832
0.0357721
0.0357613
0.0357508
0.0357406
0.0357306
0.0357208
0.0357113
0.0357021
0.035693
0.0356842
0.0356755
0.0356671
0.0356589
0.0356509
0.0356431
0.0356354
0.0356279
0.0356206
0.0356135
0.0356065
0.0355997
0.0355931
0.0355866
0.0355802
0.035574
0.035568
0.035562
0.0355562
0.0355506
0.035545
0.0355396
0.0355343
0.0355291
0.035524
0.0355191
0.0355142
0.0355095
0.0355048
0.0355003
0.0354958
0.0354915
0.0354872
0.0354831
0.035479
0.035475
0.0354711
0.0354673
0.0354635
0.0354599
0.0354563
0.0354528
0.0354494
0.035446
0.0354427
0.0354395
0.0354363
0.0354332
0.0354302
0.0354273
0.0354244
0.0354215
0.0354188
0.035416
0.0354134
0.0354108
0.0354082
0.0354057
0.0354033
0.0354009
0.0353985
0.0353962
0.035394
0.0353918
0.0353896
0.0353875
0.0353854
0.0353834
0.0353814
0.0353795
0.0353776
0.0353757
0.0353739
0.0353721
0.0353704
0.0353687
0.035367
0.0353654
0.0353638
0.0353622
0.0353606
0.0353591
0.0353577
0.0353562
0.0353548
0.0353534
0.0353521
0.0353508
0.0353495
0.0353482
0.0353469
0.0353457
0.0353445
0.0353434
0.0353422
0.0353411
0.03534
0.035339
0.0353379
0.0353369
0.0353359
0.0353349
0.035334
0.0353331
0.0353322
0.0353313
0.0353304
0.0353295
0.0353287
0.0353279
0.0353271
0.0353263
0.0353256
0.0353248
0.0353241
0.0353234
0.0353227
0.035322
0.0353214
0.0353207
0.0353201
0.0353195
0.0353189
0.0353183
0.0353177
0.0353172
0.0353166
0.0353161
0.0353156
0.0353151
0.0353146
0.0353141
0.0353136
0.0353132
0.0353128
0.0353123
0.0353119
0.0353115
0.0353111
0.0353107
0.0353103
0.03531
0.0353096
0.0353093
0.0353089
0.0353086
0.0353083
0.035308
0.0353077
0.0353074
0.0353071
0.0353069
0.0353066
0.0353063
0.0353061
0.0353058
0.0353056
0.0353054
0.0353052
0.035305
0.0353048
0.0353046
0.0353044
0.0353042
0.035304
0.0353039
0.0353037
0.0353035
0.0353034
0.0353033
0.0353031
0.035303
0.0353029
0.0353027
0.0353026
0.0353025
0.0353024
0.0353023
0.0353022
0.0353021
0.0353021
0.035302
0.0353019
0.0353018
0.0353018
0.0353017
0.0353017
0.0353016
0.0353016
0.0353015
0.0353015
0.0353015
0.0353014
0.0353014
0.0353014
0.0353014
0.0353013
0.0353013
0.0353013
0.0353013
0.0353013
0.0353013
0.0353013
0.0353013
0.0353013
0.0353013
0.0353014
0.0353014
0.0353014
0.0353014
0.0353015
0.0353015
0.0353015
0.0353016
0.0353016
0.0353016
0.0353017
0.0353017
0.0353018
0.0353018
0.0353019
0.0353019
0.035302
0.035302
0.0353021
0.0353021
0.0353022
0.0353023
0.0353023
0.0353024
0.0353025
0.0353026
0.0353026
0.0353027
0.0353028
0.0353029
0.0353029
0.035303
0.0353031
0.0353032
0.0353033
0.0353033
0.0353034
0.0353035
0.0353036
0.0353037
0.0353038
0.0353039
0.035304
0.0353041
0.0353042
0.0353043
0.0353044
0.0353045
0.0353045
0.0353046
0.0353047
0.0353048
0.035305
0.0353051
0.0353052
0.0353053
0.0353054
0.0353055
0.0353056
0.0353057
0.0353058
0.0353059
0.035306
0.0353061
0.0353062
0.0353063
0.0353064
0.0353065
0.0353067
0.0353068
0.0353069
0.035307
0.0353071
0.0353072
0.0353073
0.0353074
0.0353075
0.0353077
0.0353078
0.0353079
0.035308
0.0353081
0.0353082
0.0353083
0.0353084
0.0353086
0.0353087
0.0353088
0.0353089
0.035309
0.0353091
0.0353092
0.0353093
0.0353095
0.0353096
0.0353097
0.0353098
0.0353099
0.03531
0.0353101
0.0353102
0.0353104
0.0353105
0.0353106
0.0353107
0.0353108
0.0353109
0.035311
0.0353111
0.0353112
0.0353114
0.0353115
0.0353116
0.0353117
0.0353118
0.0353119
0.035312
0.0353121
0.0353122
0.0353123
0.0353124
0.0353125
0.0353126
0.0353128
0.0353129
0.035313
0.0353131
0.0353132
0.0353133
0.0353134
0.0353135
0.0353136
0.0353137
0.0353138
0.0353139
0.035314
0.0353141
0.0353142
0.0353143
0.0353144
0.0353145
0.0353146
0.0353147
0.0353148
0.0353149
0.035315
0.035315
0.0353151
0.0353152
0.0353153
0.0353154
0.0353155
0.0353156
0.0353157
0.0353158
0.0353159
0.035316
0.035316
0.0353161
0.0353162
0.0353163
0.0353164
0.0353165
0.0353166
0.0353166
0.0353167
0.0353168
0.0353169
0.035317
0.0353171
0.0353171
0.0353172
0.0353173
0.0353174
0.0353174
0.0353175
0.0353176
0.0353177
0.0353177
0.0353178
0.0353179
0.035318
0.035318
0.0353181
0.0353182
0.0353182
0.0353183
0.0353184
0.0353184
0.0353185
0.0353186
