0.113222
0.0901399
0.0626402
0.0598934
0.058144
0.0560965
0.0534358
0.0500435
0.0466099
0.0442193
0.0428224
0.0419189
0.0412599
0.0407435
0.0403188
0.0399577
0.0396431
0.0393641
0.0391134
0.0388857
0.038677
0.0384845
0.0383058
0.038139
0.0379828
0.0378358
0.0376972
0.0375661
0.0374417
0.0373234
0.0372108
0.0371033
0.0370005
0.036902
0.0368076
0.0367168
0.0366295
0.0365454
0.0364643
0.0363859
0.03631
0.0362365
0.0361652
0.036096
0.0360287
0.0359631
0.0358992
0.0358369
0.0357759
0.0357163
0.0356579
0.0356006
0.0355443
0.035489
0.0354346
0.035381
0.035328
0.0352758
0.0352241
0.035173
0.0351223
0.035072
0.0350221
0.0349725
0.0349231
0.034874
0.0348249
0.034776
0.0347272
0.0346784
0.0346295
0.0345806
0.0345317
0.0344826
0.0344333
0.0343839
0.0343343
0.0342844
0.0342343
0.0341839
0.0341332
0.0340823
0.034031
0.0339793
0.0339273
0.033875
0.0338223
0.0337693
0.0337159
0.0336621
0.033608
0.0335535
0.0334986
0.0334433
0.0333877
0.0333316
0.0332751
0.0332182
0.0331608
0.0331028
0.0330444
0.0329853
0.0329254
0.0328648
0.0328033
0.0327407
0.0326768
0.0326115
0.0325445
0.0324753
0.0324037
0.032329
0.0322504
0.032167
0.0320769
0.0319775
0.0318642
0.031728
0.0315523
0.0313163
0.0310224
0.0307225
0.0304676
0.0302647
0.030099
0.0299573
0.029832
0.0297183
0.0296134
0.0295154
0.029423
0.0293352
0.0292512
0.0291706
0.0290929
0.0290178
0.0289451
0.0288746
0.0288062
0.0287398
0.0286752
0.0286124
0.0285513
0.0284919
0.0284341
0.0283778
0.0283231
0.0282698
0.0282179
0.0281673
0.028118
0.0280699
0.0280231
0.0279774
0.0279328
0.0278893
0.0278468
0.0278053
0.0277647
0.0277251
0.0276863
0.0276484
0.0276112
0.0275749
0.0275393
0.0275044
0.0274702
0.0274367
0.0274038
0.0273715
0.0273399
0.0273088
0.0272782
0.0272482
0.0272188
0.0271898
0.0271613
0.0271332
0.0271057
0.0270785
0.0270518
0.0270255
0.0269995
0.026974
0.0269488
0.026924
0.0268995
0.0268753
0.0268515
0.026828
0.0268048
0.0267819
0.0267592
0.0267369
0.0267148
0.0266929
0.0266714
0.02665
0.0266289
0.0266081
0.0265874
0.026567
0.0265468
0.0265268
0.026507
0.0264874
0.0264679
0.0264487
0.0264296
0.0264108
0.0263921
0.0263735
0.0263551
0.0263369
0.0263188
0.0263009
0.0262831
0.0262655
0.026248
0.0262306
0.0262134
0.0261963
0.0261793
0.0261625
0.0261457
0.0261291
0.0261126
0.0260963
0.02608
0.0260638
0.0260478
0.0260318
0.026016
0.0260002
0.0259846
0.025969
0.0259535
0.0259382
0.0259229
0.0259077
0.0258926
0.0258776
0.0258626
0.0258477
0.025833
0.0258183
0.0258036
0.0257891
0.0257746
0.0257602
0.0257459
0.0257316
0.0257174
0.0257033
0.0256893
0.0256753
0.0256614
0.0256475
0.0256337
0.02562
0.0256063
0.0255927
0.0255791
0.0255656
0.0255522
0.0255388
0.0255255
0.0255122
0.025499
0.0254859
0.0254728
0.0254597
0.0254467
0.0254337
0.0254208
0.025408
0.0253952
0.0253824
0.0253697
0.0253571
0.0253445
0.0253319
0.0253194
0.0253069
0.0252945
0.0252821
0.0252697
0.0252574
0.0252452
0.0252329
0.0252208
0.0252086
0.0251965
0.0251845
0.0251725
0.0251605
0.0251486
0.0251367
0.0251248
0.025113
0.0251012
0.0250895
0.0250778
0.0250661
0.0250545
0.0250429
0.0250313
0.0250198
0.0250083
0.0249968
0.0249854
0.024974
0.0249627
0.0249514
0.0249401
0.0249288
0.0249176
0.0249064
0.0248953
0.0248841
0.0248731
0.024862
0.024851
0.02484
0.024829
0.0248181
0.0248072
0.0247963
0.0247855
0.0247747
0.0247639
0.0247531
0.0247424
0.0247317
0.0247211
0.0247104
0.0246998
0.0246893
0.0246787
0.0246682
0.0246577
0.0246472
0.0246368
0.0246264
0.024616
0.0246057
0.0245954
0.0245851
0.0245748
0.0245645
0.0245543
0.0245441
0.024534
0.0245238
0.0245137
0.0245037
0.0244936
0.0244836
0.0244736
0.0244636
0.0244536
0.0244437
0.0244338
0.0244239
0.0244141
0.0244042
0.0243944
0.0243847
0.0243749
0.0243652
0.0243555
0.0243458
0.0243362
0.0243265
0.0243169
0.0243073
0.0242978
0.0242882
0.0242787
0.0242692
0.0242598
0.0242503
0.0242409
0.0242315
0.0242222
0.0242128
0.0242035
0.0241942
0.0241849
0.0241757
0.0241664
0.0241572
0.024148
0.0241389
0.0241297
0.0241206
0.0241115
0.0241024
0.0240934
0.0240844
0.0240754
0.0240664
0.0240574
0.0240485
0.0240395
0.0240306
0.0240218
0.0240129
0.0240041
0.0239953
0.0239865
0.0239777
0.0239689
0.0239602
0.0239515
0.0239428
0.0239342
0.0239255
0.0239169
0.0239083
0.0238997
0.0238912
0.0238826
0.0238741
0.0238656
0.0238571
0.0238487
0.0238402
0.0238318
0.0238234
0.023815
0.0238067
0.0237983
0.02379
0.0237817
0.0237734
0.0237652
0.0237569
0.0237487
0.0237405
0.0237324
0.0237242
0.0237161
0.0237079
0.0236998
0.0236918
0.0236837
0.0236756
0.0236676
0.0236596
0.0236516
0.0236437
0.0236357
0.0236278
0.0236199
0.023612
0.0236041
0.0235963
0.0235884
0.0235806
0.0235728
0.023565
0.0235573
0.0235495
0.0235418
0.0235341
0.0235264
0.0235188
0.0235111
0.0235035
0.0234959
0.0234883
0.0234807
0.0234731
0.0234656
0.0234581
0.0234505
0.0234431
0.0234356
0.0234281
0.0234207
0.0234133
0.0234059
0.0233985
0.0233911
0.0233838
0.0233765
0.0233691
0.0233618
0.0233546
0.0233473
0.0233401
0.0233328
0.0233256
0.0233184
0.0233113
0.0233041
0.023297
0.0232898
0.0232827
