0.331908
0.306029
0.285984
0.28401
0.282969
0.282181
0.281544
0.280994
0.280492
0.280008
0.279512
0.278971
0.27836
0.277671
0.276927
0.276172
0.275454
0.274805
0.274234
0.273737
0.2733
0.272914
0.272568
0.272254
0.271966
0.2717
0.271452
0.27122
0.271001
0.270793
0.270594
0.270404
0.270221
0.270044
0.269872
0.269705
0.269543
0.269384
0.269229
0.269078
0.268931
0.268788
0.268649
0.268515
0.268386
0.268263
0.268146
0.268035
0.267931
0.267834
0.267743
0.267658
0.267579
0.267506
0.267439
0.267376
0.267317
0.267262
0.267211
0.267163
0.267118
0.267075
0.267034
0.266996
0.266959
0.266924
0.26689
0.266858
0.266827
0.266797
0.266768
0.26674
0.266713
0.266686
0.266661
0.266636
0.266612
0.266589
0.266566
0.266544
0.266522
0.266501
0.266481
0.266461
0.266441
0.266422
0.266403
0.266385
0.266367
0.26635
0.266333
0.266316
0.266299
0.266283
0.266268
0.266252
0.266237
0.266223
0.266208
0.266194
0.26618
0.266167
0.266154
0.266141
0.266128
0.266115
0.266103
0.266091
0.266079
0.266068
0.266056
0.266045
0.266034
0.266024
0.266013
0.266003
0.265993
0.265983
0.265973
0.265964
0.265954
0.265945
0.265936
0.265927
0.265918
0.26591
0.265902
0.265893
0.265885
0.265877
0.26587
0.265862
0.265854
0.265847
0.26584
0.265833
0.265826
0.265819
0.265812
0.265806
0.265799
0.265793
0.265787
0.265781
0.265775
0.265769
0.265763
0.265757
0.265751
0.265746
0.265741
0.265735
0.26573
0.265725
0.26572
0.265715
0.26571
0.265705
0.265701
0.265696
0.265691
0.265687
0.265683
0.265678
0.265674
0.26567
0.265666
0.265662
0.265658
0.265654
0.26565
0.265646
0.265643
0.265639
0.265635
0.265632
0.265628
0.265625
0.265622
0.265618
0.265615
0.265612
0.265609
0.265606
0.265603
0.2656
0.265597
0.265594
0.265591
0.265588
0.265586
0.265583
0.26558
0.265578
0.265575
0.265572
0.26557
0.265567
0.265565
0.265563
0.26556
0.265558
0.265556
0.265553
0.265551
0.265549
0.265547
0.265545
0.265543
0.265541
0.265539
0.265537
0.265535
0.265533
0.265531
0.265529
0.265527
0.265525
0.265523
0.265522
0.26552
0.265518
0.265516
0.265515
0.265513
0.265511
0.26551
0.265508
0.265507
0.265505
0.265504
0.265502
0.265501
0.265499
0.265498
0.265496
0.265495
0.265493
0.265492
0.265491
0.265489
0.265488
0.265487
0.265485
0.265484
0.265483
0.265482
0.26548
0.265479
0.265478
0.265477
0.265476
0.265474
0.265473
0.265472
0.265471
0.26547
0.265469
0.265468
0.265467
0.265466
0.265464
0.265463
0.265462
0.265461
0.26546
0.265459
0.265458
0.265457
0.265456
0.265456
0.265455
0.265454
0.265453
0.265452
0.265451
0.26545
0.265449
0.265448
0.265447
0.265446
0.265446
0.265445
0.265444
0.265443
0.265442
0.265441
0.265441
0.26544
0.265439
0.265438
0.265438
0.265437
0.265436
0.265435
0.265434
0.265434
0.265433
0.265432
0.265431
0.265431
0.26543
0.265429
0.265429
0.265428
0.265427
0.265427
0.265426
0.265425
0.265425
0.265424
0.265423
0.265423
0.265422
0.265421
0.265421
0.26542
0.265419
0.265419
0.265418
0.265417
0.265417
0.265416
0.265416
0.265415
0.265414
0.265414
0.265413
0.265413
0.265412
0.265411
0.265411
0.26541
0.26541
0.265409
0.265409
0.265408
0.265407
0.265407
0.265406
0.265406
0.265405
0.265405
0.265404
0.265404
0.265403
0.265403
0.265402
0.265401
0.265401
0.2654
0.2654
0.265399
0.265399
0.265398
0.265398
0.265397
0.265397
0.265396
0.265396
0.265395
0.265395
0.265394
0.265394
0.265393
0.265393
0.265392
0.265392
0.265391
0.265391
0.26539
0.26539
0.26539
0.265389
0.265389
0.265388
0.265388
0.265387
0.265387
0.265386
0.265386
0.265385
0.265385
0.265384
0.265384
0.265384
0.265383
0.265383
0.265382
0.265382
0.265381
0.265381
0.26538
0.26538
0.26538
0.265379
0.265379
0.265378
0.265378
0.265377
0.265377
0.265377
0.265376
0.265376
0.265375
0.265375
0.265375
0.265374
0.265374
0.265373
0.265373
0.265372
0.265372
0.265372
0.265371
0.265371
0.26537
0.26537
0.26537
0.265369
0.265369
0.265368
0.265368
0.265368
0.265367
0.265367
0.265366
0.265366
0.265366
0.265365
0.265365
0.265364
0.265364
0.265364
0.265363
0.265363
0.265362
0.265362
0.265362
0.265361
0.265361
0.265361
0.26536
0.26536
0.265359
0.265359
0.265359
0.265358
0.265358
0.265358
0.265357
0.265357
0.265356
0.265356
0.265356
0.265355
0.265355
0.265355
0.265354
0.265354
0.265353
0.265353
0.265353
0.265352
0.265352
0.265352
0.265351
0.265351
0.265351
0.26535
0.26535
0.265349
0.265349
0.265349
0.265348
0.265348
0.265348
0.265347
0.265347
0.265347
0.265346
0.265346
0.265345
0.265345
0.265345
0.265344
0.265344
0.265344
0.265343
0.265343
0.265343
0.265342
0.265342
0.265342
0.265341
0.265341
0.265341
0.26534
0.26534
0.265339
