0.113847
0.0954872
0.0654183
0.0607821
0.0588983
0.0570771
0.054912
0.0520094
0.0483162
0.0450062
0.0431078
0.0420325
0.0412522
0.0406178
0.0400798
0.0396128
0.0392009
0.0388327
0.0385001
0.0381967
0.0379177
0.0376592
0.0374182
0.0371922
0.0369792
0.0367774
0.0365855
0.0364022
0.0362266
0.0360577
0.0358948
0.035737
0.0355839
0.0354347
0.0352889
0.0351459
0.0350052
0.0348661
0.0347281
0.0345906
0.0344528
0.0343142
0.034174
0.0340316
0.0338863
0.0337375
0.0335849
0.0334277
0.0332652
0.0330959
0.032917
0.032723
0.0325042
0.0322462
0.0319408
0.0316102
0.0313015
0.03104
0.0308217
0.0306358
0.0304743
0.0303314
0.0302032
0.0300864
0.0299788
0.0298784
0.029784
0.0296943
0.0296084
0.0295257
0.0294455
0.0293673
0.0292907
0.0292153
0.029141
0.0290673
0.028994
0.0289211
0.0288482
0.0287754
0.0287024
0.0286291
0.0285556
0.0284817
0.0284074
0.0283328
0.0282579
0.0281829
0.0281077
0.0280327
0.027958
0.0278838
0.0278104
0.0277378
0.0276665
0.0275965
0.027528
0.0274612
0.027396
0.0273326
0.0272709
0.0272109
0.0271525
0.0270958
0.0270406
0.0269869
0.0269347
0.0268838
0.0268342
0.0267858
0.0267386
0.0266926
0.0266477
0.0266038
0.026561
0.0265191
0.0264782
0.0264382
0.0263991
0.0263608
0.0263234
0.0262868
0.0262509
0.0262158
0.0261814
0.0261477
0.0261146
0.0260823
0.0260506
0.0260195
0.0259889
0.025959
0.0259296
0.0259008
0.0258725
0.0258447
0.0258175
0.0257906
0.0257643
0.0257384
0.025713
0.0256879
0.0256633
0.0256391
0.0256153
0.0255919
0.0255688
0.0255461
0.0255237
0.0255017
0.0254799
0.0254585
0.0254374
0.0254166
0.0253961
0.0253759
0.025356
0.0253363
0.0253169
0.0252977
0.0252787
0.0252601
0.0252416
0.0252234
0.0252053
0.0251875
0.0251699
0.0251525
0.0251353
0.0251183
0.0251015
0.0250848
0.0250684
0.0250521
0.0250359
0.02502
0.0250041
0.0249885
0.024973
0.0249576
0.0249424
0.0249273
0.0249124
0.0248975
0.0248828
0.0248683
0.0248538
0.0248395
0.0248253
0.0248112
0.0247972
0.0247833
0.0247696
0.0247559
0.0247423
0.0247288
0.0247155
0.0247022
0.024689
0.0246758
0.0246628
0.0246499
0.024637
0.0246242
0.0246115
0.0245988
0.0245863
0.0245738
0.0245613
0.024549
0.0245367
0.0245244
0.0245123
0.0245001
0.0244881
0.0244761
0.0244641
0.0244522
0.0244404
0.0244286
0.0244168
0.0244051
0.0243935
0.0243819
0.0243703
0.0243588
0.0243473
0.0243358
0.0243244
0.0243131
0.0243017
0.0242904
0.0242792
0.0242679
0.0242567
0.0242455
0.0242344
0.0242233
0.0242122
0.0242011
0.02419
0.024179
0.024168
0.024157
0.0241461
0.0241351
0.0241242
0.0241133
0.0241024
0.0240916
0.0240807
0.0240699
0.0240591
0.0240483
0.0240375
0.0240267
0.0240159
0.0240052
0.0239944
0.0239837
0.0239729
0.0239622
0.0239515
0.0239408
0.0239301
0.0239194
0.0239087
0.0238981
0.0238874
0.0238767
0.0238661
0.0238554
0.0238448
0.0238341
0.0238235
0.0238128
0.0238022
0.0237916
0.023781
0.0237703
0.0237597
0.0237491
0.0237385
0.0237279
0.0237173
0.0237067
0.0236961
0.0236855
0.0236749
0.0236643
0.0236538
0.0236432
0.0236326
0.023622
0.0236115
0.0236009
0.0235903
0.0235798
0.0235692
0.0235587
0.0235482
0.0235376
0.0235271
0.0235166
0.0235061
0.0234956
0.0234851
0.0234746
0.0234641
0.0234536
0.0234431
0.0234326
0.0234222
0.0234117
0.0234013
0.0233909
0.0233804
0.02337
0.0233596
0.0233492
0.0233388
0.0233284
0.0233181
0.0233077
0.0232973
0.023287
0.0232767
0.0232663
0.023256
0.0232457
0.0232354
0.0232251
0.0232148
0.0232045
0.0231943
0.023184
0.0231737
0.0231635
0.0231532
0.023143
0.0231327
0.0231225
0.0231122
0.0231019
0.0230917
0.0230814
0.0230711
0.0230608
0.0230505
0.0230402
0.0230299
0.0230195
0.0230091
0.0229987
0.0229882
0.0229777
0.0229672
0.0229566
0.0229459
0.0229352
0.0229245
0.0229136
0.0229027
0.0228917
0.0228806
0.0228694
0.0228582
0.0228468
0.0228353
0.0228237
0.0228119
0.0228
0.022788
0.0227758
0.0227635
0.0227511
0.0227385
0.0227257
0.0227128
0.0226997
0.0226864
0.022673
0.0226595
0.0226458
0.022632
0.022618
0.022604
0.0225898
0.0225755
0.0225611
0.0225466
0.022532
0.0225174
0.0225028
0.0224881
0.0224734
0.0224587
0.022444
0.0224293
0.0224147
0.0224001
0.0223855
0.022371
0.0223565
0.0223422
0.0223279
0.0223137
0.0222996
0.0222855
0.0222716
0.0222578
0.0222441
0.0222304
0.0222169
0.0222035
0.0221902
0.022177
0.0221638
0.0221508
0.0221378
0.0221249
0.0221121
0.0220993
0.0220866
0.022074
0.0220614
0.0220488
0.0220363
0.0220237
0.0220112
0.0219987
0.0219861
0.0219735
0.0219609
0.0219483
0.0219355
0.0219227
0.0219098
0.0218969
0.0218838
0.0218705
0.0218572
0.0218436
0.0218299
0.021816
0.0218019
0.0217876
0.0217731
0.0217582
0.0217432
0.0217278
0.0217121
0.0216961
0.0216798
0.0216631
0.021646
0.0216286
0.0216108
0.0215926
0.021574
0.021555
0.0215357
0.0215159
0.0214957
0.0214751
0.0214542
0.0214329
0.0214112
0.0213892
0.021367
0.0213444
0.0213216
0.0212986
0.0212753
0.0212519
0.0212284
0.0212048
0.0211811
0.0211573
0.0211336
0.0211099
0.0210863
0.0210627
0.0210393
0.0210161
0.020993
0.0209702
0.0209475
0.0209252
0.0209032
0.0208814
0.02086
0.020839
0.0208183
0.020798
0.020778
0.0207585
0.0207394
0.0207207
0.0207024
