0.112808
0.0888037
0.0613469
0.0581183
0.0560546
0.0536921
0.0508697
0.0479983
0.0458053
0.0443543
0.0433261
0.0425359
0.0419065
0.0413955
0.0409723
0.0406134
0.040302
0.0400263
0.0397783
0.0395526
0.0393452
0.0391533
0.0389746
0.0388075
0.0386505
0.0385024
0.0383623
0.0382294
0.0381029
0.0379822
0.0378668
0.0377563
0.0376501
0.0375481
0.0374498
0.037355
0.0372634
0.0371749
0.0370893
0.0370063
0.036926
0.036848
0.0367725
0.0366991
0.0366279
0.0365587
0.0364915
0.0364262
0.0363627
0.0363009
0.0362407
0.036182
0.0361248
0.036069
0.0360144
0.0359611
0.0359088
0.0358575
0.0358072
0.0357576
0.0357088
0.0356606
0.035613
0.0355659
0.0355192
0.0354728
0.0354267
0.0353809
0.0353352
0.0352896
0.0352442
0.035199
0.0351539
0.0351089
0.0350642
0.0350198
0.0349757
0.034932
0.0348887
0.0348459
0.0348037
0.0347621
0.034721
0.0346806
0.0346408
0.0346016
0.034563
0.034525
0.0344874
0.0344504
0.0344137
0.0343775
0.0343415
0.0343058
0.0342703
0.0342349
0.0341997
0.0341644
0.0341291
0.0340938
0.0340583
0.0340227
0.0339868
0.0339507
0.0339143
0.0338775
0.0338404
0.0338028
0.0337647
0.0337261
0.033687
0.0336473
0.0336069
0.0335658
0.0335241
0.0334816
0.0334383
0.0333942
0.0333492
0.0333033
0.0332564
0.0332086
0.0331597
0.0331098
0.0330587
0.0330065
0.0329531
0.0328985
0.0328425
0.0327852
0.0327266
0.0326665
0.0326049
0.0325417
0.032477
0.0324105
0.0323423
0.0322723
0.0322003
0.0321263
0.0320502
0.0319719
0.0318911
0.0318077
0.0317216
0.0316325
0.0315402
0.0314444
0.0313446
0.0312407
0.0311321
0.0310185
0.0308993
0.0307742
0.0306428
0.0305049
0.0303604
0.0302093
0.0300522
0.0298897
0.0297226
0.0295522
0.0293796
0.0292062
0.0290331
0.0288616
0.0286924
0.028526
0.0283631
0.0282038
0.0280483
0.0278969
0.0277497
0.0276067
0.0274682
0.027334
0.0272043
0.027079
0.026958
0.0268412
0.0267285
0.0266196
0.0265146
0.0264131
0.026315
0.0262202
0.0261285
0.0260399
0.0259541
0.0258712
0.0257909
0.0257132
0.025638
0.0255653
0.025495
0.0254269
0.0253611
0.0252974
0.0252358
0.0251762
0.0251184
0.0250626
0.0250085
0.0249561
0.0249053
0.0248561
0.0248083
0.024762
0.024717
0.0246733
0.0246308
0.0245895
0.0245493
0.0245101
0.0244719
0.0244348
0.0243985
0.0243631
0.0243285
0.0242947
0.0242617
0.0242294
0.0241977
0.0241668
0.0241364
0.0241067
0.0240775
0.0240489
0.0240208
0.0239932
0.023966
0.0239394
0.0239132
0.0238874
0.023862
0.023837
0.0238124
0.0237881
0.0237642
0.0237407
0.0237174
0.0236945
0.0236719
0.0236496
0.0236275
0.0236058
0.0235843
0.023563
0.023542
0.0235213
0.0235008
0.0234805
0.0234605
0.0234407
0.0234211
0.0234017
0.0233825
0.0233635
0.0233447
0.0233261
0.0233077
0.0232895
0.0232715
0.0232536
0.0232359
0.0232184
0.0232011
0.0231839
0.0231669
0.0231501
0.0231334
0.0231169
0.0231005
0.0230843
0.0230683
0.0230524
0.0230366
0.023021
0.0230055
0.0229902
0.022975
0.02296
0.022945
0.0229302
0.0229156
0.0229011
0.0228866
0.0228724
0.0228582
0.0228442
0.0228303
0.0228165
0.0228028
0.0227893
0.0227758
0.0227625
0.0227493
0.0227361
0.0227231
0.0227102
0.0226974
0.0226848
0.0226722
0.0226597
0.0226473
0.022635
0.0226228
0.0226107
0.0225987
0.0225868
0.022575
0.0225632
0.0225516
0.02254
0.0225286
0.0225172
0.0225059
0.0224947
0.0224835
0.0224725
0.0224615
0.0224506
0.0224398
0.0224291
0.0224184
0.0224078
0.0223973
0.0223868
0.0223764
0.0223661
0.0223558
0.0223457
0.0223355
0.0223255
0.0223155
0.0223056
0.0222957
0.0222859
0.0222761
0.0222664
0.0222568
0.0222472
0.0222377
0.0222282
0.0222188
0.0222094
0.0222001
0.0221908
0.0221816
0.0221724
0.0221633
0.0221542
0.0221451
0.0221361
0.0221271
0.0221182
0.0221093
0.0221005
0.0220916
0.0220829
0.0220741
0.0220654
0.0220567
0.022048
0.0220394
0.0220308
0.0220222
0.0220137
0.0220052
0.0219967
0.0219882
0.0219797
0.0219713
0.0219628
0.0219544
0.021946
0.0219376
0.0219293
0.0219209
0.0219126
0.0219042
0.0218959
0.0218875
0.0218792
0.0218709
0.0218626
0.0218542
0.0218459
0.0218375
0.0218292
0.0218208
0.0218125
0.0218041
0.0217957
0.0217873
0.0217789
0.0217705
0.021762
0.0217535
0.021745
0.0217365
0.021728
0.0217194
0.0217108
0.0217021
0.0216935
0.0216848
0.021676
0.0216673
0.0216584
0.0216496
0.0216407
0.0216317
0.0216228
0.0216137
0.0216046
0.0215955
0.0215863
0.0215771
0.0215678
0.0215585
0.0215491
0.0215397
0.0215302
0.0215207
0.0215111
0.0215014
0.0214917
0.021482
0.0214722
0.0214623
0.0214524
0.0214424
0.0214324
0.0214224
0.0214123
0.0214021
0.0213919
0.0213817
0.0213714
0.0213611
0.0213507
0.0213403
0.0213299
0.0213194
0.0213089
0.0212984
0.0212879
0.0212774
0.0212668
0.0212562
0.0212456
0.021235
0.0212244
0.0212138
0.0212032
0.0211926
0.021182
0.0211714
0.0211609
0.0211503
0.0211398
0.0211292
0.0211187
0.0211083
0.0210978
0.0210874
0.0210771
0.0210667
0.0210564
0.0210461
0.0210359
0.0210257
0.0210156
0.0210055
0.0209955
0.0209855
0.0209755
0.0209656
0.0209558
0.020946
0.0209363
0.0209266
0.020917
0.0209074
0.0208979
0.0208884
0.020879
0.0208697
0.0208604
0.0208512
0.020842
0.0208329
0.0208239
0.0208149
0.020806
0.0207971
0.0207883
0.0207796
0.0207709
