0.0170805
0.017073
0.0170729
0.0170746
0.0170766
0.0170783
0.0170796
0.0170807
0.0170815
0.0170821
0.0170827
0.0170831
0.0170834
0.0170837
0.0170839
0.017084
0.0170842
0.0170843
0.0170843
0.0170844
0.0170844
0.0170844
0.0170844
0.0170844
0.0170844
0.0170844
0.0170844
0.0170843
0.0170843
0.0170842
0.0170842
0.0170841
0.0170841
0.017084
0.0170839
0.0170839
0.0170838
0.0170837
0.0170836
0.0170836
0.0170835
0.0170834
0.0170833
0.0170832
0.0170831
0.0170831
0.017083
0.0170829
0.0170828
0.0170827
0.0170826
0.0170825
0.0170824
0.0170823
0.0170822
0.0170821
0.017082
0.0170819
0.0170818
0.0170817
0.0170816
0.0170815
0.0170814
0.0170813
0.0170812
0.0170811
0.017081
0.0170809
0.0170808
0.0170807
0.0170806
0.0170805
0.0170804
0.0170803
0.0170801
0.01708
0.0170799
0.0170798
0.0170797
0.0170796
0.0170795
0.0170794
0.0170793
0.0170792
0.0170791
0.017079
0.0170788
0.0170787
0.0170786
0.0170785
0.0170784
0.0170783
0.0170782
0.0170781
0.0170779
0.0170778
0.0170777
0.0170776
0.0170775
0.0170774
0.0170773
0.0170771
0.017077
0.0170769
0.0170768
0.0170767
0.0170766
0.0170764
0.0170763
0.0170762
0.0170761
0.017076
0.0170759
0.0170757
0.0170756
0.0170755
0.0170754
0.0170753
0.0170751
0.017075
0.0170749
0.0170748
0.0170746
0.0170745
0.0170744
0.0170743
0.0170742
0.017074
0.0170739
0.0170738
0.0170737
0.0170735
0.0170734
0.0170733
0.0170732
0.017073
0.0170729
0.0170728
0.0170726
0.0170725
0.0170724
0.0170723
0.0170721
0.017072
0.0170719
0.0170717
0.0170716
0.0170715
0.0170714
0.0170712
0.0170711
0.017071
0.0170708
0.0170707
0.0170706
0.0170704
0.0170703
0.0170702
0.01707
0.0170699
0.0170698
0.0170696
0.0170695
0.0170694
0.0170692
0.0170691
0.017069
0.0170688
0.0170687
0.0170685
0.0170684
0.0170683
0.0170681
0.017068
0.0170678
0.0170677
0.0170676
0.0170674
0.0170673
0.0170671
0.017067
0.0170669
0.0170667
0.0170666
0.0170664
0.0170663
0.0170662
0.017066
0.0170659
0.0170657
0.0170656
0.0170654
0.0170653
0.0170651
0.017065
0.0170649
0.0170647
0.0170646
0.0170644
0.0170643
0.0170641
0.017064
0.0170638
0.0170637
0.0170635
0.0170634
0.0170632
0.0170631
0.0170629
0.0170628
0.0170626
0.0170625
0.0170623
0.0170622
0.017062
0.0170619
0.0170617
0.0170616
0.0170614
0.0170613
0.0170611
0.0170609
0.0170608
0.0170606
0.0170605
0.0170603
0.0170602
0.01706
0.0170599
0.0170597
0.0170595
0.0170594
0.0170592
0.0170591
0.0170589
0.0170587
0.0170586
0.0170584
0.0170583
0.0170581
0.0170579
0.0170578
0.0170576
0.0170575
0.0170573
0.0170571
0.017057
0.0170568
0.0170567
0.0170565
0.0170563
0.0170562
0.017056
0.0170558
0.0170557
0.0170555
0.0170553
0.0170552
0.017055
0.0170548
0.0170547
0.0170545
0.0170543
0.0170542
0.017054
0.0170538
0.0170537
0.0170535
0.0170533
0.0170532
0.017053
0.0170528
0.0170526
0.0170525
0.0170523
0.0170521
0.017052
0.0170518
0.0170516
0.0170514
0.0170513
0.0170511
0.0170509
0.0170507
0.0170506
0.0170504
0.0170502
0.01705
0.0170499
0.0170497
0.0170495
0.0170493
0.0170492
0.017049
0.0170488
0.0170486
0.0170484
0.0170483
0.0170481
0.0170479
0.0170477
0.0170475
0.0170474
0.0170472
0.017047
0.0170468
0.0170466
0.0170465
0.0170463
0.0170461
0.0170459
0.0170457
0.0170455
0.0170454
0.0170452
0.017045
0.0170448
0.0170446
0.0170444
0.0170442
0.0170441
0.0170439
0.0170437
0.0170435
0.0170433
0.0170431
0.0170429
0.0170428
0.0170426
0.0170424
0.0170422
0.017042
0.0170418
0.0170416
0.0170414
0.0170412
0.017041
0.0170409
0.0170407
0.0170405
0.0170403
0.0170401
0.0170399
0.0170397
0.0170395
0.0170393
0.0170391
0.0170389
0.0170387
0.0170385
0.0170383
0.0170381
0.0170379
0.0170377
0.0170375
0.0170374
0.0170372
0.017037
0.0170368
0.0170366
0.0170364
0.0170362
0.017036
0.0170358
0.0170356
0.0170354
0.0170352
0.017035
0.0170348
0.0170346
0.0170344
0.0170342
0.017034
0.0170337
0.0170335
0.0170333
0.0170331
0.0170329
0.0170327
0.0170325
0.0170323
0.0170321
0.0170319
0.0170317
0.0170315
0.0170313
0.0170311
0.0170309
0.0170307
0.0170305
0.0170303
0.01703
0.0170298
0.0170296
0.0170294
0.0170292
0.017029
0.0170288
0.0170286
0.0170284
0.0170282
0.0170279
0.0170277
0.0170275
0.0170273
0.0170271
0.0170269
0.0170267
0.0170265
0.0170262
0.017026
0.0170258
0.0170256
0.0170254
0.0170252
0.017025
0.0170247
0.0170245
0.0170243
0.0170241
0.0170239
0.0170237
0.0170234
0.0170232
0.017023
0.0170228
0.0170226
0.0170223
0.0170221
0.0170219
0.0170217
0.0170215
0.0170212
0.017021
0.0170208
0.0170206
0.0170203
0.0170201
0.0170199
0.0170197
0.0170195
0.0170192
0.017019
0.0170188
0.0170186
0.0170183
0.0170181
0.0170179
0.0170177
0.0170174
0.0170172
0.017017
0.0170167
0.0170165
0.0170163
0.0170161
0.0170158
0.0170156
0.0170154
0.0170151
0.0170149
0.0170147
0.0170145
0.0170142
0.017014
0.0170138
0.0170135
0.0170133
0.0170131
0.0170128
0.0170126
0.0170124
0.0170121
0.0170119
0.0170117
0.0170114
0.0170112
0.017011
0.0170107
0.0170105
0.0170103
0.01701
0.0170098
0.0170095
0.0170093
0.0170091
0.0170088
0.0170086
0.0170084
0.0170081
0.0170079
0.0170076
0.0170074
0.0170072
0.0170069
0.0170067
0.0170064
0.0170062
0.0170059
0.0170057
0.0170055
0.0170052
0.017005
0.0170047
0.0170045
0.0170042
0.017004
0.0170038
0.0170035
0.0170033
0.017003
0.0170028
0.0170025
0.0170023
0.017002
0.0170018
0.0170015
0.0170013
0.017001
0.0170008
0.0170005
0.0170003
0.017
0.0169998
0.0169995
0.0169993
0.016999
0.0169988
0.0169985
0.0169983
0.016998
0.0169978
0.0169975
0.0169973
0.016997
0.0169968
0.0169965
0.0169963
0.016996
0.0169958
0.0169955
0.0169952
0.016995
0.0169947
0.0169945
0.0169942
0.016994
0.0169937
0.0169934
0.0169932
0.0169929
0.0169927
0.0169924
0.0169921
0.0169919
0.0169916
0.0169914
0.0169911
0.0169908
0.0169906
0.0169903
0.0169901
0.0169898
0.0169895
0.0169893
0.016989
0.0169887
0.0169885
0.0169882
0.016988
0.0169877
0.0169874
0.0169872
0.0169869
0.0169866
0.0169864
0.0169861
0.0169858
0.0169856
0.0169853
0.016985
0.0169848
0.0169845
0.0169842
0.0169839
0.0169837
0.0169834
0.0169831
0.0169829
0.0169826
0.0169823
0.016982
0.0169818
0.0169815
0.0169812
0.016981
0.0169807
0.0169804
0.0169801
0.0169799
0.0169796
0.0169793
0.016979
0.0169788
0.0169785
0.0169782
0.0169779
0.0169777
0.0169774
0.0169771
0.0169768
0.0169765
0.0169763
0.016976
0.0169757
0.0169754
0.0169751
0.0169749
0.0169746
0.0169743
0.016974
0.0169737
0.0169735
0.0169732
0.0169729
0.0169726
0.0169723
0.016972
0.0169718
0.0169715
0.0169712
0.0169709
0.0169706
0.0169703
0.01697
0.0169698
0.0169695
0.0169692
0.0169689
0.0169686
0.0169683
0.016968
0.0169677
0.0169675
0.0169672
0.0169669
0.0169666
0.0169663
0.016966
0.0169657
0.0169654
0.0169651
0.0169648
0.0169645
0.0169643
0.016964
0.0169637
0.0169634
0.0169631
0.0169628
0.0169625
0.0169622
0.0169619
0.0169616
0.0169613
0.016961
0.0169607
0.0169604
0.0169601
0.0169598
0.0169595
0.0169592
0.0169589
0.0169586
0.0169583
0.016958
0.0169577
0.0169574
0.0169571
0.0169568
0.0169565
0.0169562
0.0169559
0.0169556
0.0169553
0.016955
0.0169547
0.0169544
0.0169541
0.0169538
0.0169535
0.0169532
0.0169529
0.0169526
0.0169523
0.016952
0.0169517
0.0169514
0.016951
0.0169507
0.0169504
0.0169501
0.0169498
0.0169495
0.0169492
0.0169489
0.0169486
0.0169483
0.016948
0.0169476
0.0169473
0.016947
0.0169467
0.0169464
0.0169461
0.0169458
0.0169455
0.0169451
0.0169448
0.0169445
0.0169442
0.0169439
0.0169436
0.0169433
0.0169429
0.0169426
0.0169423
0.016942
0.0169417
0.0169414
0.016941
0.0169407
0.0169404
0.0169401
0.0169398
0.0169394
0.0169391
0.0169388
0.0169385
0.0169382
0.0169378
0.0169375
0.0169372
0.0169369
0.0169366
0.0169362
0.0169359
0.0169356
0.0169353
0.0169349
0.0169346
0.0169343
0.016934
0.0169336
0.0169333
0.016933
0.0169327
0.0169323
0.016932
0.0169317
0.0169314
0.016931
0.0169307
0.0169304
0.01693
0.0169297
0.0169294
0.0169291
0.0169287
0.0169284
0.0169281
0.0169277
0.0169274
0.0169271
0.0169267
0.0169264
0.0169261
0.0169257
0.0169254
0.0169251
0.0169247
0.0169244
0.0169241
0.0169237
0.0169234
0.0169231
0.0169227
0.0169224
0.016922
0.0169217
0.0169214
0.016921
0.0169207
0.0169204
0.01692
0.0169197
0.0169193
0.016919
0.0169187
0.0169183
