0.0158102
0.0158071
0.0158068
0.0158075
0.0158083
0.015809
0.0158095
0.0158098
0.0158101
0.0158102
0.0158103
0.0158104
0.0158104
0.0158105
0.0158104
0.0158104
0.0158104
0.0158104
0.0158104
0.0158103
0.0158103
0.0158102
0.0158102
0.0158101
0.0158101
0.01581
0.0158099
0.0158098
0.0158098
0.0158097
0.0158096
0.0158095
0.0158094
0.0158093
0.0158092
0.0158091
0.015809
0.0158088
0.0158087
0.0158086
0.0158084
0.0158083
0.0158081
0.015808
0.0158078
0.0158077
0.0158075
0.0158074
0.0158072
0.015807
0.0158069
0.0158067
0.0158065
0.0158063
0.0158061
0.0158059
0.0158058
0.0158056
0.0158054
0.0158052
0.015805
0.0158048
0.0158046
0.0158044
0.0158042
0.015804
0.0158038
0.0158036
0.0158034
0.0158031
0.0158029
0.0158027
0.0158025
0.0158023
0.0158021
0.0158019
0.0158017
0.0158014
0.0158012
0.015801
0.0158008
0.0158006
0.0158003
0.0158001
0.0157999
0.0157997
0.0157995
0.0157992
0.015799
0.0157988
0.0157986
0.0157983
0.0157981
0.0157979
0.0157977
0.0157974
0.0157972
0.015797
0.0157968
0.0157965
0.0157963
0.0157961
0.0157959
0.0157956
0.0157954
0.0157952
0.0157949
0.0157947
0.0157945
0.0157943
0.015794
0.0157938
0.0157936
0.0157933
0.0157931
0.0157929
0.0157927
0.0157924
0.0157922
0.015792
0.0157917
0.0157915
0.0157913
0.015791
0.0157908
0.0157906
0.0157904
0.0157901
0.0157899
0.0157897
0.0157894
0.0157892
0.015789
0.0157887
0.0157885
0.0157883
0.0157881
0.0157878
0.0157876
0.0157874
0.0157871
0.0157869
0.0157867
0.0157864
0.0157862
0.015786
0.0157857
0.0157855
0.0157853
0.0157851
0.0157848
0.0157846
0.0157844
0.0157841
0.0157839
0.0157837
0.0157834
0.0157832
0.015783
0.0157827
0.0157825
0.0157823
0.0157821
0.0157818
0.0157816
0.0157814
0.0157811
0.0157809
0.0157807
0.0157804
0.0157802
0.01578
0.0157797
0.0157795
0.0157793
0.015779
0.0157788
0.0157786
0.0157784
0.0157781
0.0157779
0.0157777
0.0157774
0.0157772
0.015777
0.0157767
0.0157765
0.0157763
0.015776
0.0157758
0.0157756
0.0157753
0.0157751
0.0157749
0.0157746
0.0157744
0.0157742
0.0157739
0.0157737
0.0157735
0.0157733
0.015773
0.0157728
0.0157726
0.0157723
0.0157721
0.0157719
0.0157716
0.0157714
0.0157712
0.0157709
0.0157707
0.0157705
0.0157702
0.01577
0.0157698
0.0157695
0.0157693
0.0157691
0.0157688
0.0157686
0.0157684
0.0157681
0.0157679
0.0157677
0.0157674
0.0157672
0.015767
0.0157667
0.0157665
0.0157663
0.015766
0.0157658
0.0157656
0.0157653
0.0157651
0.0157649
0.0157646
0.0157644
0.0157642
0.015764
0.0157637
0.0157635
0.0157633
0.015763
0.0157628
0.0157625
0.0157623
0.0157621
0.0157618
0.0157616
0.0157614
0.0157611
0.0157609
0.0157607
0.0157604
0.0157602
0.01576
0.0157597
0.0157595
0.0157593
0.015759
0.0157588
0.0157586
0.0157583
0.0157581
0.0157579
0.0157576
0.0157574
0.0157572
0.0157569
0.0157567
0.0157565
0.0157562
0.015756
0.0157558
0.0157555
0.0157553
0.0157551
0.0157548
0.0157546
0.0157543
0.0157541
0.0157539
0.0157536
0.0157534
0.0157532
0.0157529
0.0157527
0.0157525
0.0157522
0.015752
0.0157518
0.0157515
0.0157513
0.015751
0.0157508
0.0157506
0.0157503
0.0157501
0.0157499
0.0157496
0.0157494
0.0157492
0.0157489
0.0157487
0.0157484
0.0157482
0.015748
0.0157477
0.0157475
0.0157473
0.015747
0.0157468
0.0157466
0.0157463
0.0157461
0.0157458
0.0157456
0.0157454
0.0157451
0.0157449
0.0157447
0.0157444
0.0157442
0.0157439
0.0157437
0.0157435
0.0157432
0.015743
0.0157427
0.0157425
0.0157423
0.015742
0.0157418
0.0157416
0.0157413
0.0157411
0.0157408
0.0157406
0.0157404
0.0157401
0.0157399
0.0157396
0.0157394
0.0157392
0.0157389
0.0157387
0.0157384
0.0157382
0.015738
0.0157377
0.0157375
0.0157372
0.015737
0.0157368
0.0157365
0.0157363
0.015736
0.0157358
0.0157356
0.0157353
0.0157351
0.0157348
0.0157346
0.0157344
0.0157341
0.0157339
0.0157336
0.0157334
0.0157331
0.0157329
0.0157327
0.0157324
0.0157322
0.0157319
0.0157317
0.0157314
0.0157312
0.015731
0.0157307
0.0157305
0.0157302
0.01573
0.0157297
0.0157295
0.0157293
0.015729
0.0157288
0.0157285
0.0157283
0.015728
0.0157278
0.0157276
0.0157273
0.0157271
0.0157268
0.0157266
0.0157263
0.0157261
0.0157258
0.0157256
0.0157254
0.0157251
0.0157249
0.0157246
0.0157244
0.0157241
0.0157239
0.0157236
0.0157234
0.0157231
0.0157229
0.0157227
0.0157224
0.0157222
0.0157219
0.0157217
0.0157214
0.0157212
0.0157209
0.0157207
0.0157204
0.0157202
0.0157199
0.0157197
0.0157194
0.0157192
0.0157189
0.0157187
0.0157185
0.0157182
0.015718
0.0157177
0.0157175
0.0157172
0.015717
0.0157167
0.0157165
0.0157162
0.015716
0.0157157
0.0157155
0.0157152
0.015715
0.0157147
0.0157145
0.0157142
0.015714
0.0157137
0.0157135
0.0157132
0.015713
0.0157127
0.0157125
0.0157122
0.015712
0.0157117
0.0157115
0.0157112
0.015711
0.0157107
0.0157104
0.0157102
0.0157099
0.0157097
0.0157094
0.0157092
0.0157089
0.0157087
0.0157084
0.0157082
0.0157079
0.0157077
0.0157074
0.0157072
0.0157069
0.0157067
0.0157064
0.0157061
0.0157059
0.0157056
0.0157054
0.0157051
0.0157049
0.0157046
0.0157044
0.0157041
0.0157038
0.0157036
0.0157033
0.0157031
0.0157028
0.0157026
0.0157023
0.0157021
0.0157018
0.0157015
0.0157013
0.015701
0.0157008
0.0157005
0.0157003
0.0157
0.0156997
0.0156995
0.0156992
0.015699
0.0156987
0.0156984
0.0156982
0.0156979
0.0156977
0.0156974
0.0156972
0.0156969
0.0156966
0.0156964
0.0156961
0.0156959
0.0156956
0.0156953
0.0156951
0.0156948
0.0156945
0.0156943
0.015694
0.0156938
0.0156935
0.0156932
0.015693
0.0156927
0.0156925
0.0156922
0.0156919
0.0156917
0.0156914
0.0156911
0.0156909
0.0156906
0.0156903
0.0156901
0.0156898
0.0156896
0.0156893
0.015689
0.0156888
0.0156885
0.0156882
0.015688
0.0156877
0.0156874
0.0156872
0.0156869
0.0156866
0.0156864
0.0156861
0.0156858
0.0156856
0.0156853
0.015685
0.0156848
0.0156845
0.0156842
0.015684
0.0156837
0.0156834
0.0156832
0.0156829
0.0156826
0.0156824
0.0156821
0.0156818
0.0156815
0.0156813
0.015681
0.0156807
0.0156805
0.0156802
0.0156799
0.0156797
0.0156794
0.0156791
0.0156788
0.0156786
0.0156783
0.015678
0.0156777
0.0156775
0.0156772
0.0156769
0.0156767
0.0156764
0.0156761
0.0156758
0.0156756
0.0156753
0.015675
0.0156747
0.0156745
0.0156742
0.0156739
0.0156736
0.0156734
0.0156731
0.0156728
0.0156725
0.0156723
0.015672
0.0156717
0.0156714
0.0156711
0.0156709
0.0156706
0.0156703
0.01567
0.0156698
0.0156695
0.0156692
0.0156689
0.0156686
0.0156684
0.0156681
0.0156678
0.0156675
0.0156672
0.015667
0.0156667
0.0156664
0.0156661
0.0156658
0.0156656
0.0156653
0.015665
0.0156647
0.0156644
0.0156641
0.0156639
0.0156636
0.0156633
0.015663
0.0156627
0.0156624
0.0156622
0.0156619
0.0156616
0.0156613
0.015661
0.0156607
0.0156604
0.0156602
0.0156599
0.0156596
0.0156593
0.015659
0.0156587
0.0156584
0.0156581
0.0156579
0.0156576
0.0156573
0.015657
0.0156567
0.0156564
0.0156561
0.0156558
0.0156555
0.0156553
0.015655
0.0156547
0.0156544
0.0156541
0.0156538
0.0156535
0.0156532
0.0156529
0.0156526
0.0156523
0.015652
0.0156518
0.0156515
0.0156512
0.0156509
0.0156506
0.0156503
0.01565
0.0156497
0.0156494
0.0156491
0.0156488
0.0156485
0.0156482
0.0156479
0.0156476
0.0156473
0.015647
0.0156467
0.0156464
0.0156461
0.0156458
0.0156455
0.0156452
0.0156449
0.0156446
0.0156443
0.015644
0.0156437
0.0156434
0.0156431
0.0156428
0.0156425
0.0156422
0.0156419
0.0156416
0.0156413
0.015641
0.0156407
0.0156404
0.0156401
0.0156398
0.0156395
0.0156392
0.0156389
0.0156386
0.0156383
0.0156379
0.0156376
0.0156373
0.015637
0.0156367
0.0156364
0.0156361
0.0156358
0.0156355
0.0156352
0.0156349
0.0156345
0.0156342
0.0156339
0.0156336
0.0156333
0.015633
0.0156327
0.0156324
0.0156321
0.0156317
0.0156314
0.0156311
0.0156308
0.0156305
0.0156302
0.0156299
0.0156295
0.0156292
0.0156289
0.0156286
0.0156283
0.015628
0.0156276
0.0156273
0.015627
0.0156267
0.0156264
0.015626
0.0156257
0.0156254
0.0156251
0.0156248
0.0156244
0.0156241
0.0156238
0.0156235
0.0156232
0.0156228
0.0156225
0.0156222
0.0156219
0.0156215
0.0156212
0.0156209
0.0156206
0.0156202
0.0156199
0.0156196
0.0156193
0.0156189
0.0156186
0.0156183
0.0156179
0.0156176
0.0156173
0.015617
0.0156166
0.0156163
0.015616
0.0156156
0.0156153
0.015615
0.0156146
0.0156143
