0.278577
0.279118
0.279387
0.279691
0.279994
0.280269
0.280503
0.280692
0.280838
0.280947
0.281023
0.281072
0.281095
0.281097
0.281077
0.281039
0.28098
0.280902
0.280804
0.280684
0.280541
0.280373
0.28018
0.279958
0.279709
0.27943
0.279123
0.278788
0.27843
0.27805
0.277654
0.277246
0.276829
0.27641
0.275992
0.275579
0.275173
0.274777
0.274393
0.274021
0.273664
0.273322
0.272994
0.272681
0.272382
0.272098
0.271828
0.271572
0.271328
0.271098
0.27088
0.270674
0.270478
0.270294
0.27012
0.269956
0.269801
0.269655
0.269517
0.269387
0.269265
0.269149
0.269041
0.268939
0.268843
0.268752
0.268667
0.268587
0.268511
0.26844
0.268373
0.26831
0.26825
0.268194
0.268142
0.268092
0.268045
0.268001
0.267959
0.26792
0.267883
0.267847
0.267814
0.267783
0.267753
0.267725
0.267698
0.267673
0.267649
0.267626
0.267604
0.267584
0.267564
0.267545
0.267527
0.26751
0.267494
0.267479
0.267464
0.267449
0.267436
0.267423
0.26741
0.267398
0.267386
0.267375
0.267364
0.267354
0.267344
0.267334
0.267325
0.267316
0.267307
0.267299
0.26729
0.267282
0.267275
0.267267
0.26726
0.267253
0.267246
0.267239
0.267232
0.267226
0.26722
0.267214
0.267208
0.267202
0.267196
0.26719
0.267185
0.26718
0.267174
0.267169
0.267164
0.267159
0.267154
0.26715
0.267145
0.26714
0.267136
0.267131
0.267127
0.267123
0.267118
0.267114
0.26711
0.267106
0.267102
0.267098
0.267094
0.267091
0.267087
0.267083
0.26708
0.267076
0.267072
0.267069
0.267065
0.267062
0.267059
0.267055
0.267052
0.267049
0.267046
0.267042
0.267039
0.267036
0.267033
0.26703
0.267027
0.267024
0.267021
0.267018
0.267015
0.267012
0.26701
0.267007
0.267004
0.267001
0.266998
0.266996
0.266993
0.26699
0.266988
0.266985
0.266983
0.26698
0.266977
0.266975
0.266972
0.26697
0.266968
0.266965
0.266963
0.26696
0.266958
0.266956
0.266953
0.266951
0.266949
0.266946
0.266944
0.266942
0.26694
0.266937
0.266935
0.266933
0.266931
0.266929
0.266926
0.266924
0.266922
0.26692
0.266918
0.266916
0.266914
0.266912
0.26691
0.266908
0.266906
0.266904
0.266902
0.2669
0.266898
0.266896
0.266894
0.266892
0.26689
0.266888
0.266886
0.266884
0.266883
0.266881
0.266879
0.266877
0.266875
0.266873
0.266872
0.26687
0.266868
0.266866
0.266864
0.266863
0.266861
0.266859
0.266857
0.266856
0.266854
0.266852
0.266851
0.266849
0.266847
0.266846
0.266844
0.266842
0.266841
0.266839
0.266837
0.266836
0.266834
0.266833
0.266831
0.266829
0.266828
0.266826
0.266825
0.266823
0.266822
0.26682
0.266819
0.266817
0.266816
0.266814
0.266813
0.266811
0.26681
0.266808
0.266807
0.266805
0.266804
0.266802
0.266801
0.266799
0.266798
0.266797
0.266795
0.266794
0.266792
0.266791
0.266789
0.266788
0.266787
0.266785
0.266784
0.266783
0.266781
0.26678
0.266779
0.266777
0.266776
0.266775
0.266773
0.266772
0.266771
0.266769
0.266768
0.266767
0.266765
0.266764
0.266763
0.266762
0.26676
0.266759
0.266758
0.266757
0.266755
0.266754
0.266753
0.266752
0.26675
0.266749
0.266748
0.266747
0.266746
0.266744
0.266743
0.266742
0.266741
0.26674
0.266739
0.266737
0.266736
0.266735
0.266734
0.266733
0.266732
0.26673
0.266729
0.266728
0.266727
0.266726
0.266725
0.266724
0.266723
0.266722
0.26672
0.266719
0.266718
0.266717
0.266716
0.266715
0.266714
0.266713
0.266712
0.266711
0.26671
0.266709
0.266708
0.266707
0.266706
0.266705
0.266704
0.266702
0.266701
0.2667
0.266699
0.266698
0.266697
0.266696
0.266695
0.266694
0.266693
0.266692
0.266691
0.266691
0.26669
0.266689
0.266688
0.266687
0.266686
0.266685
0.266684
0.266683
0.266682
0.266681
0.26668
0.266679
0.266678
0.266677
0.266676
0.266675
0.266674
0.266674
0.266673
0.266672
0.266671
0.26667
0.266669
0.266668
0.266667
0.266666
0.266666
0.266665
0.266664
0.266663
0.266662
0.266661
0.26666
0.266659
0.266659
0.266658
0.266657
0.266656
0.266655
0.266654
0.266654
0.266653
0.266652
0.266651
0.26665
0.266649
0.266649
0.266648
0.266647
0.266646
0.266645
0.266645
0.266644
0.266643
0.266642
0.266641
0.266641
0.26664
0.266639
0.266638
0.266638
0.266637
0.266636
0.266635
0.266635
0.266634
0.266633
0.266632
0.266632
0.266631
0.26663
0.266629
0.266629
0.266628
0.266627
0.266626
0.266626
0.266625
0.266624
0.266624
0.266623
0.266622
0.266621
0.266621
0.26662
0.266619
0.266619
0.266618
0.266617
0.266617
0.266616
0.266615
0.266614
0.266614
0.266613
0.266612
0.266612
0.266611
0.26661
0.26661
0.266609
0.266608
0.266608
0.266607
0.266606
0.266606
0.266605
0.266605
0.266604
0.266603
0.266603
0.266602
0.266601
0.266601
0.2666
0.266599
0.266599
0.266598
0.266598
0.266597
0.266596
0.266596
0.266595
0.266595
0.266594
0.266593
0.266593
0.266592
0.266592
0.266591
0.26659
0.26659
0.266589
0.266589
0.266588
0.266587
0.266587
0.266586
0.266586
0.266585
0.266585
0.266584
0.266583
0.266583
0.266582
0.266582
0.266581
0.266581
0.26658
0.26658
0.266579
0.266579
0.266578
0.266577
0.266577
0.266576
0.266576
0.266575
0.266575
0.266574
0.266574
0.266573
0.266573
0.266572
0.266572
0.266571
0.266571
0.26657
0.26657
0.266569
0.266569
0.266568
0.266568
0.266567
0.266567
0.266566
0.266566
0.266565
0.266565
0.266564
0.266564
0.266563
0.266563
0.266562
0.266562
0.266561
0.266561
0.26656
0.26656
0.266559
0.266559
0.266558
0.266558
0.266558
0.266557
0.266557
0.266556
0.266556
0.266555
0.266555
0.266554
0.266554
0.266553
0.266553
0.266553
0.266552
0.266552
0.266551
0.266551
0.26655
0.26655
0.26655
0.266549
0.266549
0.266548
0.266548
0.266547
0.266547
0.266547
0.266546
0.266546
0.266545
0.266545
0.266544
0.266544
0.266544
0.266543
0.266543
0.266542
0.266542
0.266542
0.266541
0.266541
0.26654
0.26654
0.26654
0.266539
0.266539
0.266539
0.266538
0.266538
0.266537
0.266537
0.266537
0.266536
0.266536
0.266536
0.266535
0.266535
0.266534
0.266534
0.266534
0.266533
0.266533
0.266533
0.266532
0.266532
0.266532
0.266531
0.266531
0.26653
0.26653
0.26653
0.266529
0.266529
0.266529
0.266528
0.266528
0.266528
0.266527
0.266527
0.266527
0.266526
0.266526
0.266526
0.266525
0.266525
0.266525
0.266524
0.266524
0.266524
0.266523
0.266523
0.266523
0.266522
0.266522
0.266522
0.266521
0.266521
0.266521
0.266521
0.26652
0.26652
0.26652
0.266519
0.266519
0.266519
0.266518
0.266518
0.266518
0.266517
0.266517
0.266517
0.266517
0.266516
0.266516
0.266516
0.266515
0.266515
0.266515
0.266515
0.266514
0.266514
0.266514
0.266513
0.266513
0.266513
0.266513
0.266512
0.266512
0.266512
0.266511
0.266511
0.266511
0.266511
0.26651
0.26651
0.26651
0.26651
0.266509
0.266509
0.266509
0.266509
0.266508
0.266508
0.266508
0.266508
0.266507
0.266507
0.266507
0.266507
0.266506
0.266506
0.266506
0.266506
0.266505
0.266505
0.266505
0.266505
0.266504
0.266504
0.266504
0.266504
0.266503
0.266503
0.266503
0.266503
0.266502
0.266502
0.266502
0.266502
0.266501
0.266501
0.266501
0.266501
0.266501
0.2665
0.2665
0.2665
0.2665
0.266499
0.266499
0.266499
0.266499
0.266499
0.266498
0.266498
0.266498
0.266498
0.266498
0.266497
0.266497
0.266497
0.266497
0.266496
0.266496
0.266496
0.266496
0.266496
0.266495
0.266495
0.266495
0.266495
0.266495
0.266494
0.266494
0.266494
0.266494
0.266494
0.266493
0.266493
0.266493
0.266493
0.266493
0.266493
0.266492
0.266492
0.266492
0.266492
0.266492
0.266491
0.266491
0.266491
0.266491
0.266491
0.266491
0.26649
0.26649
0.26649
0.26649
0.26649
0.266489
0.266489
0.266489
