0.0224273
0.0224479
0.0224634
0.0224764
0.0224871
0.0224959
0.022503
0.0225087
0.0225132
0.0225166
0.0225192
0.022521
0.0225221
0.0225228
0.0225229
0.0225226
0.0225219
0.0225209
0.0225196
0.022518
0.0225162
0.0225141
0.0225118
0.0225093
0.0225065
0.0225036
0.0225005
0.0224973
0.0224938
0.0224902
0.0224865
0.0224825
0.0224785
0.0224743
0.0224699
0.0224654
0.0224608
0.0224561
0.0224512
0.0224462
0.0224411
0.0224359
0.0224306
0.0224252
0.0224197
0.0224141
0.0224084
0.0224026
0.0223967
0.0223908
0.0223848
0.0223787
0.0223725
0.0223663
0.02236
0.0223536
0.0223472
0.0223407
0.0223342
0.0223276
0.022321
0.0223144
0.0223077
0.0223009
0.0222942
0.0222873
0.0222805
0.0222736
0.0222667
0.0222598
0.0222529
0.0222459
0.0222389
0.0222319
0.0222249
0.0222178
0.0222108
0.0222037
0.0221966
0.0221895
0.0221824
0.0221753
0.0221682
0.0221611
0.0221539
0.0221468
0.0221397
0.0221325
0.0221254
0.0221182
0.0221111
0.022104
0.0220968
0.0220897
0.0220825
0.0220754
0.0220682
0.0220611
0.022054
0.0220469
0.0220397
0.0220326
0.0220255
0.0220184
0.0220113
0.0220042
0.0219971
0.02199
0.0219829
0.0219758
0.0219687
0.0219617
0.0219546
0.0219475
0.0219405
0.0219334
0.0219264
0.0219193
0.0219123
0.0219053
0.0218983
0.0218912
0.0218842
0.0218772
0.0218702
0.0218632
0.0218562
0.0218492
0.0218422
0.0218352
0.0218282
0.0218213
0.0218143
0.0218073
0.0218003
0.0217934
0.0217864
0.0217794
0.0217724
0.0217655
0.0217585
0.0217515
0.0217446
0.0217376
0.0217306
0.0217237
0.0217167
0.0217097
0.0217027
0.0216958
0.0216888
0.0216818
0.0216748
0.0216678
0.0216608
0.0216538
0.0216468
0.0216398
0.0216328
0.0216258
0.0216187
0.0216117
0.0216047
0.0215976
0.0215906
0.0215835
0.0215764
0.0215693
0.0215622
0.0215551
0.021548
0.0215409
0.0215338
0.0215266
0.0215195
0.0215123
0.0215051
0.0214979
0.0214907
0.0214835
0.0214763
0.0214691
0.0214618
0.0214545
0.0214472
0.0214399
0.0214326
0.0214253
0.0214179
0.0214106
0.0214032
0.0213958
0.0213884
0.021381
0.0213735
0.021366
0.0213586
0.0213511
0.0213435
0.021336
0.0213284
0.0213208
0.0213132
0.0213056
0.021298
0.0212903
0.0212826
0.0212749
0.0212672
0.0212594
0.0212517
0.0212439
0.021236
0.0212282
0.0212203
0.0212125
0.0212046
0.0211966
0.0211887
0.0211807
0.0211727
0.0211647
0.0211566
0.0211485
0.0211404
0.0211323
0.0211241
0.021116
0.0211078
0.0210995
0.0210913
0.021083
0.0210747
0.0210664
0.021058
0.0210496
0.0210412
0.0210328
0.0210243
0.0210158
0.0210073
0.0209987
0.0209902
0.0209816
0.0209729
0.0209643
0.0209556
0.0209469
0.0209382
0.0209294
0.0209206
0.0209118
0.0209029
0.0208941
0.0208852
0.0208762
0.0208673
0.0208583
0.0208493
0.0208402
0.0208311
0.020822
0.0208129
0.0208038
0.0207946
0.0207854
0.0207761
0.0207669
0.0207576
0.0207482
0.0207389
0.0207295
0.0207201
0.0207107
0.0207012
0.0206917
0.0206822
0.0206726
0.0206631
0.0206535
0.0206438
0.0206342
0.0206245
0.0206148
0.020605
0.0205952
0.0205854
0.0205756
0.0205658
0.0205559
0.020546
0.020536
0.0205261
0.0205161
0.020506
0.020496
0.0204859
0.0204758
0.0204657
0.0204555
0.0204453
0.0204351
0.0204249
0.0204146
0.0204043
0.020394
0.0203837
0.0203733
0.0203629
0.0203525
0.020342
0.0203316
0.020321
0.0203105
0.0203
0.0202894
0.0202788
0.0202681
0.0202575
0.0202468
0.0202361
0.0202253
0.0202146
0.0202038
0.020193
0.0201821
0.0201713
0.0201604
0.0201495
0.0201385
0.0201276
0.0201166
0.0201056
0.0200945
0.0200835
0.0200724
0.0200613
0.0200501
0.020039
0.0200278
0.0200166
0.0200054
0.0199941
0.0199828
0.0199715
0.0199602
0.0199488
0.0199375
0.0199261
0.0199147
0.0199032
0.0198917
0.0198803
0.0198687
0.0198572
0.0198457
0.0198341
0.0198225
0.0198109
0.0197992
0.0197875
0.0197759
0.0197641
0.0197524
0.0197407
0.0197289
0.0197171
0.0197053
0.0196934
0.0196816
0.0196697
0.0196578
0.0196459
0.0196339
0.019622
0.01961
0.019598
0.019586
0.0195739
0.0195619
0.0195498
0.0195377
0.0195255
0.0195134
0.0195012
0.0194891
0.0194769
0.0194647
0.0194524
0.0194402
0.0194279
0.0194156
0.0194033
0.019391
0.0193786
0.0193663
0.0193539
0.0193415
0.0193291
0.0193167
0.0193042
0.0192917
0.0192793
0.0192668
0.0192543
0.0192417
0.0192292
0.0192166
0.0192041
0.0191915
0.0191789
0.0191662
0.0191536
0.019141
0.0191283
0.0191156
0.0191029
0.0190902
0.0190775
0.0190647
0.019052
0.0190392
0.0190265
0.0190137
0.0190009
0.0189881
0.0189752
0.0189624
0.0189495
0.0189367
0.0189238
0.0189109
0.018898
0.0188851
0.0188722
0.0188592
0.0188463
0.0188334
0.0188204
0.0188074
0.0187944
0.0187814
0.0187684
0.0187554
0.0187424
0.0187294
0.0187164
0.0187033
0.0186903
0.0186772
0.0186641
0.0186511
0.018638
0.0186249
0.0186118
0.0185987
0.0185856
0.0185725
0.0185593
0.0185462
0.0185331
0.0185199
0.0185068
0.0184937
0.0184805
0.0184673
0.0184542
0.018441
0.0184278
0.0184147
0.0184015
0.0183883
0.0183751
0.018362
0.0183488
0.0183356
0.0183224
0.0183092
0.018296
0.0182828
0.0182696
0.0182564
0.0182433
0.0182301
0.0182169
0.0182037
0.0181905
0.0181773
0.0181641
0.0181509
0.0181377
0.0181245
0.0181114
0.0180982
0.018085
0.0180718
0.0180587
0.0180455
0.0180323
0.0180192
0.018006
0.0179929
0.0179797
0.0179666
0.0179535
0.0179403
0.0179272
0.0179141
0.017901
0.0178879
0.0178748
0.0178617
0.0178486
0.0178355
0.0178225
0.0178094
0.0177964
0.0177833
0.0177703
0.0177573
0.0177442
0.0177312
0.0177183
0.0177053
0.0176923
0.0176793
0.0176664
0.0176534
0.0176405
0.0176276
0.0176147
0.0176018
0.0175889
0.0175761
0.0175632
0.0175504
0.0175376
0.0175247
0.017512
0.0174992
0.0174864
0.0174737
0.0174609
0.0174482
0.0174355
0.0174228
0.0174101
0.0173975
0.0173848
0.0173722
0.0173596
0.017347
0.0173344
0.0173219
0.0173094
0.0172968
0.0172843
0.0172719
0.0172594
0.017247
0.0172346
0.0172222
0.0172098
0.0171974
0.0171851
0.0171728
0.0171605
0.0171482
0.017136
0.0171237
0.0171115
0.0170993
0.0170872
0.017075
0.0170629
0.0170508
0.0170388
0.0170267
0.0170147
0.0170027
0.0169907
0.0169788
0.0169668
0.0169549
0.0169431
0.0169312
0.0169194
0.0169076
0.0168958
0.0168841
0.0168724
0.0168607
0.016849
0.0168374
0.0168258
0.0168142
0.0168027
0.0167911
0.0167796
0.0167682
0.0167567
0.0167453
0.0167339
0.0167226
0.0167113
0.0167
0.0166887
0.0166775
0.0166663
0.0166551
0.016644
0.0166329
0.0166218
0.0166107
0.0165997
0.0165887
0.0165778
0.0165669
0.016556
0.0165451
0.0165343
0.0165235
0.0165127
0.016502
0.0164913
0.0164806
0.01647
0.0164594
0.0164489
0.0164383
0.0164278
0.0164174
0.016407
0.0163966
0.0163862
0.0163759
0.0163656
0.0163553
0.0163451
0.0163349
0.0163248
0.0163147
0.0163046
0.0162946
0.0162846
0.0162746
0.0162647
0.0162548
0.0162449
0.0162351
0.0162253
0.0162156
0.0162058
0.0161962
0.0161865
0.0161769
0.0161674
0.0161578
0.0161483
0.0161389
0.0161295
0.0161201
0.0161108
0.0161014
0.0160922
0.016083
0.0160738
0.0160646
0.0160555
0.0160464
0.0160374
0.0160284
0.0160195
0.0160105
0.0160017
0.0159928
0.015984
0.0159753
0.0159665
0.0159578
0.0159492
0.0159406
0.015932
0.0159235
0.015915
0.0159066
0.0158982
0.0158898
0.0158815
0.0158732
0.0158649
0.0158567
0.0158486
0.0158404
0.0158323
0.0158243
0.0158163
0.0158083
0.0158004
0.0157925
0.0157847
0.0157768
0.0157691
0.0157614
0.0157537
0.015746
0.0157384
0.0157309
0.0157233
0.0157158
0.0157084
0.015701
0.0156936
0.0156863
0.015679
0.0156718
0.0156646
0.0156574
0.0156503
0.0156432
0.0156362
0.0156292
0.0156223
0.0156153
0.0156085
0.0156016
0.0155948
0.0155881
0.0155814
0.0155747
0.0155681
0.0155615
0.0155549
0.0155484
0.015542
0.0155355
0.0155291
0.0155228
0.0155165
0.0155102
0.015504
0.0154978
0.0154917
0.0154856
0.0154795
0.0154735
0.0154675
0.0154615
0.0154556
0.0154498
0.015444
0.0154382
0.0154324
0.0154267
0.0154211
0.0154154
0.0154099
0.0154043
0.0153988
0.0153933
0.0153879
0.0153825
0.0153772
0.0153719
0.0153666
0.0153614
0.0153562
0.015351
0.0153459
0.0153408
0.0153358
0.0153308
0.0153259
0.0153209
0.0153161
0.0153112
0.0153064
0.0153017
0.0152969
0.0152922
0.0152876
0.015283
0.0152784
0.0152739
0.0152694
0.0152649
0.0152605
0.0152561
0.0152517
0.0152474
0.0152432
0.0152389
0.0152347
0.0152306
0.0152264
0.0152223
0.0152183
0.0152143
0.0152103
0.0152063
