0.0363436
0.0361788
0.0371802
0.0383007
0.0394232
0.0404187
0.0412119
0.0417931
0.0421886
0.0424335
0.0425582
0.0425866
0.0425369
0.0424242
0.0422623
0.0420654
0.0418485
0.0416259
0.041409
0.0412044
0.0410127
0.0408294
0.0406467
0.0404555
0.0402469
0.040013
0.0397471
0.0394437
0.0390988
0.0387096
0.0382754
0.0377971
0.0372779
0.0367225
0.0361369
0.035528
0.0349033
0.0342698
0.0336346
0.0330042
0.0323846
0.031781
0.0311979
0.0306389
0.030107
0.0296039
0.0291307
0.0286879
0.0282751
0.0278915
0.027536
0.0272072
0.0269033
0.0266228
0.0263638
0.0261248
0.025904
0.0257
0.0255112
0.0253364
0.0251743
0.0250237
0.0248838
0.0247535
0.024632
0.0245185
0.0244124
0.024313
0.0242199
0.0241324
0.0240501
0.0239727
0.0238997
0.0238308
0.0237657
0.0237041
0.0236458
0.0235905
0.023538
0.0234882
0.0234409
0.0233958
0.0233529
0.023312
0.023273
0.0232357
0.0232001
0.0231661
0.0231335
0.0231023
0.0230724
0.0230438
0.0230163
0.0229899
0.0229645
0.0229402
0.0229167
0.0228941
0.0228724
0.0228515
0.0228313
0.0228118
0.022793
0.0227748
0.0227572
0.0227402
0.0227238
0.0227079
0.0226924
0.0226775
0.022663
0.0226489
0.0226353
0.022622
0.0226091
0.0225965
0.0225843
0.0225724
0.0225608
0.0225496
0.0225386
0.0225278
0.0225173
0.0225071
0.0224971
0.0224873
0.0224777
0.0224684
0.0224592
0.0224502
0.0224414
0.0224328
0.0224243
0.022416
0.0224078
0.0223998
0.022392
0.0223842
0.0223766
0.0223692
0.0223618
0.0223546
0.0223475
0.0223404
0.0223335
0.0223267
0.02232
0.0223134
0.0223069
0.0223005
0.0222941
0.0222879
0.0222817
0.0222756
0.0222695
0.0222636
0.0222577
0.0222519
0.0222462
0.0222405
0.0222349
0.0222294
0.0222239
0.0222185
0.0222131
0.0222078
0.0222026
0.0221974
0.0221923
0.0221872
0.0221822
0.0221772
0.0221723
0.0221675
0.0221626
0.0221579
0.0221531
0.0221485
0.0221438
0.0221392
0.0221347
0.0221302
0.0221257
0.0221213
0.022117
0.0221126
0.0221083
0.0221041
0.0220998
0.0220957
0.0220915
0.0220874
0.0220833
0.0220793
0.0220753
0.0220713
0.0220674
0.0220635
0.0220597
0.0220558
0.022052
0.0220482
0.0220445
0.0220408
0.0220371
0.0220335
0.0220299
0.0220263
0.0220227
0.0220192
0.0220156
0.0220122
0.0220087
0.0220053
0.0220019
0.0219985
0.0219951
0.0219918
0.0219885
0.0219852
0.021982
0.0219787
0.0219755
0.0219723
0.0219692
0.021966
0.0219629
0.0219598
0.0219567
0.0219536
0.0219506
0.0219476
0.0219446
0.0219416
0.0219386
0.0219357
0.0219328
0.0219298
0.021927
0.0219241
0.0219212
0.0219184
0.0219156
0.0219128
0.02191
0.0219072
0.0219045
0.0219017
0.021899
0.0218963
0.0218936
0.0218909
0.0218883
0.0218856
0.021883
0.0218804
0.0218778
0.0218752
0.0218726
0.0218701
0.0218675
0.021865
0.0218625
0.02186
0.0218575
0.021855
0.0218526
0.0218501
0.0218477
0.0218453
0.0218428
0.0218404
0.0218381
0.0218357
0.0218333
0.021831
0.0218286
0.0218263
0.021824
0.0218217
0.0218194
0.0218171
0.0218149
0.0218126
0.0218104
0.0218081
0.0218059
0.0218037
0.0218015
0.0217993
0.0217971
0.021795
0.0217928
0.0217907
0.0217885
0.0217864
0.0217843
0.0217822
0.0217801
0.021778
0.0217759
0.0217738
0.0217718
0.0217697
0.0217677
0.0217657
0.0217636
0.0217616
0.0217596
0.0217576
0.0217557
0.0217537
0.0217517
0.0217498
0.0217478
0.0217459
0.0217439
0.021742
0.0217401
0.0217382
0.0217363
0.0217344
0.0217325
0.0217306
0.0217288
0.0217269
0.0217251
0.0217232
0.0217214
0.0217196
0.0217177
0.0217159
0.0217141
0.0217123
0.0217105
0.0217088
0.021707
0.0217052
0.0217035
0.0217017
0.0217
0.0216982
0.0216965
0.0216948
0.021693
0.0216913
0.0216896
0.0216879
0.0216862
0.0216845
0.0216829
0.0216812
0.0216795
0.0216778
0.0216762
0.0216745
0.0216729
0.0216713
0.0216696
0.021668
0.0216664
0.0216648
0.0216631
0.0216615
0.0216599
0.0216583
0.0216568
0.0216552
0.0216536
0.021652
0.0216504
0.0216489
0.0216473
0.0216458
0.0216442
0.0216427
0.0216411
0.0216396
0.0216381
0.0216366
0.021635
0.0216335
0.021632
0.0216305
0.021629
0.0216275
0.021626
0.0216245
0.0216231
0.0216216
0.0216201
0.0216186
0.0216172
0.0216157
0.0216142
0.0216128
0.0216113
0.0216099
0.0216085
0.021607
0.0216056
0.0216041
0.0216027
0.0216013
0.0215999
0.0215985
0.0215971
0.0215956
0.0215942
0.0215928
0.0215914
0.02159
0.0215887
0.0215873
0.0215859
0.0215845
0.0215831
0.0215818
0.0215804
0.021579
0.0215776
0.0215763
0.0215749
0.0215736
0.0215722
0.0215709
0.0215695
0.0215682
0.0215668
0.0215655
0.0215642
0.0215628
0.0215615
0.0215602
0.0215589
0.0215575
0.0215562
0.0215549
0.0215536
0.0215523
0.021551
0.0215497
0.0215484
0.0215471
0.0215458
0.0215445
0.0215432
0.0215419
0.0215406
0.0215394
0.0215381
0.0215368
0.0215355
0.0215342
0.021533
0.0215317
0.0215304
0.0215292
0.0215279
0.0215267
0.0215254
0.0215241
0.0215229
0.0215216
0.0215204
0.0215191
0.0215179
0.0215167
0.0215154
0.0215142
0.0215129
0.0215117
0.0215105
0.0215093
0.021508
0.0215068
0.0215056
0.0215044
0.0215031
0.0215019
0.0215007
0.0214995
0.0214983
0.0214971
0.0214959
0.0214947
0.0214935
0.0214923
0.0214911
0.0214899
0.0214887
0.0214875
0.0214863
0.0214851
0.0214839
0.0214827
0.0214815
0.0214803
0.0214792
0.021478
0.0214768
0.0214756
0.0214744
0.0214733
0.0214721
0.0214709
0.0214698
0.0214686
0.0214674
0.0214663
0.0214651
0.0214639
0.0214628
0.0214616
0.0214605
0.0214593
0.0214582
0.021457
0.0214559
0.0214547
0.0214536
0.0214524
0.0214513
0.0214501
0.021449
0.0214478
0.0214467
0.0214456
0.0214444
0.0214433
0.0214422
0.021441
0.0214399
0.0214388
0.0214377
0.0214365
0.0214354
0.0214343
0.0214332
0.021432
0.0214309
0.0214298
0.0214287
0.0214276
0.0214265
0.0214254
0.0214242
0.0214231
0.021422
0.0214209
0.0214198
0.0214187
0.0214176
0.0214165
0.0214154
0.0214143
0.0214132
0.0214121
0.021411
0.0214099
0.0214088
0.0214077
0.0214067
0.0214056
0.0214045
0.0214034
0.0214023
0.0214012
0.0214001
0.0213991
0.021398
0.0213969
0.0213958
0.0213947
0.0213937
0.0213926
0.0213915
0.0213905
0.0213894
0.0213883
0.0213872
0.0213862
0.0213851
0.021384
0.021383
0.0213819
0.0213809
0.0213798
0.0213787
0.0213777
0.0213766
0.0213756
0.0213745
0.0213735
0.0213724
0.0213714
0.0213703
0.0213693
0.0213682
0.0213672
0.0213661
0.0213651
0.021364
0.021363
0.0213619
0.0213609
0.0213599
0.0213588
0.0213578
0.0213568
0.0213557
0.0213547
0.0213537
0.0213526
0.0213516
0.0213506
0.0213495
0.0213485
0.0213475
0.0213465
0.0213454
0.0213444
0.0213434
0.0213424
0.0213413
0.0213403
0.0213393
0.0213383
0.0213373
0.0213363
0.0213352
0.0213342
0.0213332
0.0213322
0.0213312
0.0213302
0.0213292
0.0213282
0.0213272
0.0213262
0.0213252
0.0213242
0.0213232
0.0213222
0.0213212
0.0213202
0.0213192
0.0213182
0.0213172
0.0213162
0.0213152
0.0213142
0.0213132
0.0213122
0.0213112
0.0213102
0.0213092
0.0213083
0.0213073
0.0213063
0.0213053
0.0213043
0.0213033
0.0213024
0.0213014
0.0213004
0.0212994
0.0212985
0.0212975
0.0212965
0.0212955
0.0212946
0.0212936
0.0212926
0.0212916
0.0212907
0.0212897
0.0212887
0.0212878
0.0212868
0.0212859
0.0212849
0.0212839
0.021283
0.021282
0.0212811
0.0212801
0.0212791
0.0212782
0.0212772
0.0212763
0.0212753
0.0212744
0.0212734
0.0212725
0.0212715
0.0212706
0.0212696
0.0212687
0.0212677
0.0212668
0.0212658
0.0212649
0.021264
0.021263
0.0212621
0.0212611
0.0212602
0.0212593
0.0212583
0.0212574
0.0212565
0.0212555
0.0212546
0.0212537
0.0212528
0.0212518
0.0212509
0.02125
0.021249
0.0212481
0.0212472
0.0212463
0.0212454
0.0212444
0.0212435
0.0212426
0.0212417
0.0212408
0.0212398
0.0212389
0.021238
0.0212371
0.0212362
0.0212353
0.0212344
0.0212335
0.0212326
0.0212317
0.0212308
0.0212298
0.0212289
0.021228
0.0212271
0.0212262
0.0212253
0.0212244
0.0212235
0.0212226
0.0212218
0.0212209
0.02122
0.0212191
0.0212182
0.0212173
0.0212164
0.0212155
0.0212146
0.0212137
0.0212128
0.021212
0.0212111
0.0212102
0.0212093
0.0212084
0.0212076
0.0212067
0.0212058
0.0212049
0.021204
0.0212032
0.0212023
0.0212014
0.0212006
0.0211997
0.0211988
0.0211979
0.0211971
0.0211962
0.0211953
0.0211945
0.0211936
0.0211928
0.0211919
0.021191
0.0211902
0.0211893
0.0211885
0.0211876
0.0211867
0.0211859
0.021185
0.0211842
0.0211833
0.0211825
0.0211816
0.0211808
0.0211799
0.0211791
0.0211782
