0.0495061
0.0476886
0.0478739
0.0480694
0.0482695
0.0484691
0.048663
0.0488456
0.0490108
0.0491519
0.0492609
0.0493293
0.049348
0.0493083
0.0492029
0.0490276
0.0487824
0.0484733
0.0481118
0.0477142
0.0472997
0.0468867
0.0464895
0.0461163
0.0457683
0.045441
0.0451262
0.0448142
0.0444958
0.0441633
0.0438111
0.0434361
0.0430371
0.0426142
0.042169
0.0417038
0.0412212
0.0407244
0.0402164
0.0397003
0.0391791
0.0386559
0.0381334
0.0376143
0.037101
0.0365959
0.0361009
0.035618
0.0351486
0.034694
0.0342554
0.0338334
0.0334288
0.0330418
0.0326726
0.0323211
0.0319873
0.0316707
0.0313709
0.0310875
0.0308197
0.0305671
0.0303288
0.0301043
0.0298928
0.0296935
0.0295059
0.0293292
0.0291628
0.029006
0.0288582
0.0287189
0.0285875
0.0284634
0.0283463
0.0282355
0.0281308
0.0280317
0.0279378
0.0278488
0.0277643
0.0276841
0.0276078
0.0275352
0.0274661
0.0274002
0.0273374
0.0272773
0.0272199
0.027165
0.0271125
0.027062
0.0270137
0.0269673
0.0269226
0.0268797
0.0268384
0.0267986
0.0267602
0.0267232
0.0266875
0.026653
0.0266196
0.0265873
0.0265561
0.0265258
0.0264965
0.026468
0.0264404
0.0264137
0.0263877
0.0263624
0.0263379
0.026314
0.0262909
0.0262683
0.0262463
0.026225
0.0262042
0.0261839
0.0261642
0.0261449
0.0261262
0.0261079
0.0260901
0.0260727
0.0260558
0.0260393
0.0260231
0.0260074
0.025992
0.0259771
0.0259624
0.0259482
0.0259342
0.0259206
0.0259074
0.0258944
0.0258817
0.0258694
0.0258573
0.0258455
0.025834
0.0258228
0.0258118
0.0258011
0.0257906
0.0257803
0.0257703
0.0257606
0.025751
0.0257417
0.0257326
0.0257237
0.025715
0.0257066
0.0256983
0.0256902
0.0256823
0.0256745
0.025667
0.0256596
0.0256524
0.0256454
0.0256385
0.0256318
0.0256252
0.0256188
0.0256125
0.0256064
0.0256004
0.0255946
0.0255889
0.0255833
0.0255778
0.0255725
0.0255673
0.0255622
0.0255573
0.0255524
0.0255476
0.025543
0.0255385
0.025534
0.0255297
0.0255255
0.0255213
0.0255173
0.0255133
0.0255095
0.0255057
0.025502
0.0254984
0.0254948
0.0254914
0.025488
0.0254847
0.0254814
0.0254783
0.0254752
0.0254721
0.0254692
0.0254663
0.0254634
0.0254606
0.0254579
0.0254553
0.0254526
0.0254501
0.0254476
0.0254451
0.0254427
0.0254404
0.025438
0.0254358
0.0254335
0.0254314
0.0254292
0.0254271
0.0254251
0.0254231
0.0254211
0.0254191
0.0254172
0.0254153
0.0254135
0.0254117
0.0254099
0.0254081
0.0254064
0.0254047
0.0254031
0.0254014
0.0253998
0.0253982
0.0253966
0.0253951
0.0253936
0.0253921
0.0253906
0.0253892
0.0253877
0.0253863
0.0253849
0.0253835
0.0253822
0.0253808
0.0253795
0.0253782
0.0253769
0.0253756
0.0253743
0.0253731
0.0253718
0.0253706
0.0253694
0.0253681
0.0253669
0.0253658
0.0253646
0.0253634
0.0253623
0.0253611
0.02536
0.0253588
0.0253577
0.0253566
0.0253555
0.0253544
0.0253533
0.0253522
0.0253511
0.02535
0.025349
0.0253479
0.0253468
0.0253458
0.0253447
0.0253437
0.0253426
0.0253416
0.0253406
0.0253395
0.0253385
0.0253375
0.0253365
0.0253354
0.0253344
0.0253334
0.0253324
0.0253314
0.0253304
0.0253293
0.0253283
0.0253273
0.0253263
0.0253253
0.0253243
0.0253233
0.0253223
0.0253213
0.0253203
0.0253193
0.0253183
0.0253173
0.0253163
0.0253153
0.0253143
0.0253133
0.0253123
0.0253113
0.0253103
0.0253093
0.0253083
0.0253073
0.0253063
0.0253053
0.0253043
0.0253033
0.0253023
0.0253013
0.0253003
0.0252993
0.0252983
0.0252973
0.0252962
0.0252952
0.0252942
0.0252932
0.0252922
0.0252912
0.0252901
0.0252891
0.0252881
0.0252871
0.0252861
0.025285
0.025284
0.025283
0.025282
0.0252809
0.0252799
0.0252789
0.0252778
0.0252768
0.0252757
0.0252747
0.0252737
0.0252726
0.0252716
0.0252705
0.0252695
0.0252684
0.0252674
0.0252663
0.0252653
0.0252642
0.0252632
0.0252621
0.025261
0.02526
0.0252589
0.0252578
0.0252568
0.0252557
0.0252546
0.0252536
0.0252525
0.0252514
0.0252503
0.0252492
0.0252482
0.0252471
0.025246
0.0252449
0.0252438
0.0252427
0.0252416
0.0252405
0.0252394
0.0252383
0.0252372
0.0252361
0.025235
0.0252339
0.0252328
0.0252317
0.0252306
0.0252295
0.0252284
0.0252272
0.0252261
0.025225
0.0252239
0.0252227
0.0252216
0.0252205
0.0252193
0.0252182
0.0252171
0.0252159
0.0252148
0.0252136
0.0252125
0.0252113
0.0252102
0.025209
0.0252079
0.0252067
0.0252056
0.0252044
0.0252032
0.0252021
0.0252009
0.0251997
0.0251986
0.0251974
0.0251962
0.025195
0.0251938
0.0251926
0.0251914
0.0251903
0.0251891
0.0251879
0.0251867
0.0251855
0.0251842
0.025183
0.0251818
0.0251806
0.0251794
0.0251782
0.0251769
0.0251757
0.0251745
0.0251732
0.025172
0.0251707
0.0251695
0.0251683
0.025167
0.0251657
0.0251645
0.0251632
0.0251619
0.0251607
0.0251594
0.0251581
0.0251568
0.0251556
0.0251543
0.025153
0.0251517
0.0251504
0.0251491
0.0251477
0.0251464
0.0251451
0.0251438
0.0251425
0.0251411
0.0251398
0.0251384
0.0251371
0.0251357
0.0251344
0.025133
0.0251317
0.0251303
0.0251289
0.0251275
0.0251261
0.0251248
0.0251234
0.025122
0.0251206
0.0251191
0.0251177
0.0251163
0.0251149
0.0251134
0.025112
0.0251105
0.0251091
0.0251076
0.0251062
0.0251047
0.0251032
0.0251017
0.0251003
0.0250988
0.0250973
0.0250957
0.0250942
0.0250927
0.0250912
0.0250896
0.0250881
0.0250866
0.025085
0.0250834
0.0250819
0.0250803
0.0250787
0.0250771
0.0250755
0.0250739
0.0250723
0.0250707
0.025069
0.0250674
0.0250657
0.0250641
0.0250624
0.0250608
0.0250591
0.0250574
0.0250557
0.025054
0.0250523
0.0250505
0.0250488
0.0250471
0.0250453
0.0250436
0.0250418
0.02504
0.0250382
0.0250364
0.0250346
0.0250328
0.025031
0.0250292
0.0250273
0.0250255
0.0250236
0.0250217
0.0250198
0.0250179
0.025016
0.0250141
0.0250122
0.0250103
0.0250083
0.0250064
0.0250044
0.0250024
0.0250004
0.0249984
0.0249964
0.0249944
0.0249923
0.0249903
0.0249882
0.0249861
0.024984
0.0249819
0.0249798
0.0249777
0.0249756
0.0249734
0.0249712
0.0249691
0.0249669
0.0249647
0.0249625
0.0249602
0.024958
0.0249557
0.0249535
0.0249512
0.0249489
0.0249466
0.0249442
0.0249419
0.0249395
0.0249372
0.0249348
0.0249324
0.02493
0.0249276
0.0249251
0.0249227
0.0249202
0.0249177
0.0249152
0.0249127
0.0249101
0.0249076
0.024905
0.0249024
0.0248998
0.0248972
0.0248946
0.0248919
0.0248893
0.0248866
0.0248839
0.0248812
0.0248784
0.0248757
0.0248729
0.0248701
0.0248673
0.0248645
0.0248616
0.0248588
0.0248559
0.024853
0.0248501
0.0248472
0.0248442
0.0248413
0.0248383
0.0248353
0.0248322
0.0248292
0.0248261
0.0248231
0.02482
0.0248168
0.0248137
0.0248106
0.0248074
0.0248042
0.024801
0.0247977
0.0247945
0.0247912
0.0247879
0.0247846
0.0247812
0.0247779
0.0247745
0.0247711
0.0247677
0.0247642
0.0247608
0.0247573
0.0247538
0.0247503
0.0247467
0.0247432
0.0247396
0.024736
0.0247323
0.0247287
0.024725
0.0247213
0.0247176
0.0247138
0.0247101
0.0247063
0.0247025
0.0246987
0.0246948
0.0246909
0.0246871
0.0246831
0.0246792
0.0246752
0.0246713
0.0246672
0.0246632
0.0246592
0.0246551
0.024651
0.0246469
0.0246427
0.0246386
0.0246344
0.0246302
0.0246259
0.0246217
0.0246174
0.0246131
0.0246088
0.0246044
0.0246001
0.0245957
0.0245913
0.0245868
0.0245824
0.0245779
0.0245734
0.0245688
0.0245643
0.0245597
0.0245551
0.0245505
0.0245458
0.0245411
0.0245365
0.0245317
0.024527
0.0245222
0.0245175
0.0245126
0.0245078
0.024503
0.0244981
0.0244932
0.0244883
0.0244833
0.0244783
0.0244733
0.0244683
0.0244633
0.0244582
0.0244532
0.024448
0.0244429
0.0244378
0.0244326
0.0244274
0.0244222
0.0244169
0.0244117
0.0244064
0.0244011
0.0243958
0.0243904
0.024385
0.0243796
0.0243742
0.0243688
0.0243633
0.0243578
0.0243523
0.0243468
0.0243413
0.0243357
0.0243301
0.0243245
0.0243188
0.0243132
0.0243075
0.0243018
0.0242961
0.0242904
0.0242846
0.0242788
0.024273
0.0242672
0.0242614
0.0242555
0.0242496
0.0242437
0.0242378
0.0242319
0.0242259
0.0242199
0.0242139
0.0242079
0.0242018
0.0241958
0.0241897
0.0241836
0.0241775
0.0241714
0.0241652
0.024159
0.0241528
0.0241466
0.0241404
0.0241342
0.0241279
0.0241216
0.0241153
0.024109
0.0241026
0.0240963
0.0240899
0.0240835
0.0240771
0.0240707
0.0240643
0.0240578
0.0240513
0.0240449
0.0240383
0.0240318
0.0240253
0.0240187
0.0240122
0.0240056
0.023999
0.0239924
0.0239857
0.0239791
0.0239724
0.0239657
0.0239591
0.0239524
0.0239456
0.0239389
0.0239321
0.0239254
0.0239186
