0.0207468
0.0207472
0.0207452
0.0207433
0.0207414
0.0207394
0.0207375
0.0207356
0.0207337
0.0207317
0.0207298
0.0207278
0.0207259
0.020724
0.020722
0.0207201
0.0207181
0.0207162
0.0207143
0.0207123
0.0207104
0.0207084
0.0207065
0.0207046
0.0207026
0.0207007
0.0206988
0.0206968
0.0206949
0.020693
0.020691
0.0206891
0.0206872
0.0206853
0.0206834
0.0206815
0.0206796
0.0206776
0.0206757
0.0206738
0.020672
0.0206701
0.0206682
0.0206663
0.0206644
0.0206625
0.0206606
0.0206588
0.0206569
0.020655
0.0206532
0.0206513
0.0206495
0.0206476
0.0206458
0.0206439
0.0206421
0.0206402
0.0206384
0.0206366
0.0206347
0.0206329
0.0206311
0.0206293
0.0206275
0.0206256
0.0206238
0.020622
0.0206202
0.0206184
0.0206167
0.0206149
0.0206131
0.0206113
0.0206095
0.0206078
0.020606
0.0206042
0.0206025
0.0206007
0.0205989
0.0205972
0.0205954
0.0205937
0.020592
0.0205902
0.0205885
0.0205868
0.020585
0.0205833
0.0205816
0.0205799
0.0205782
0.0205765
0.0205748
0.0205731
0.0205714
0.0205697
0.020568
0.0205663
0.0205646
0.0205629
0.0205613
0.0205596
0.0205579
0.0205562
0.0205546
0.0205529
0.0205513
0.0205496
0.020548
0.0205463
0.0205447
0.020543
0.0205414
0.0205398
0.0205382
0.0205365
0.0205349
0.0205333
0.0205317
0.0205301
0.0205285
0.0205269
0.0205253
0.0205237
0.0205221
0.0205205
0.0205189
0.0205173
0.0205157
0.0205141
0.0205126
0.020511
0.0205094
0.0205079
0.0205063
0.0205047
0.0205032
0.0205016
0.0205001
0.0204985
0.020497
0.0204955
0.0204939
0.0204924
0.0204909
0.0204893
0.0204878
0.0204863
0.0204848
0.0204833
0.0204818
0.0204803
0.0204788
0.0204773
0.0204758
0.0204743
0.0204728
0.0204713
0.0204698
0.0204683
0.0204668
0.0204654
0.0204639
0.0204624
0.020461
0.0204595
0.020458
0.0204566
0.0204551
0.0204537
0.0204522
0.0204508
0.0204493
0.0204479
0.0204465
0.020445
0.0204436
0.0204422
0.0204407
0.0204393
0.0204379
0.0204365
0.0204351
0.0204337
0.0204322
0.0204308
0.0204294
0.020428
0.0204266
0.0204253
0.0204239
0.0204225
0.0204211
0.0204197
0.0204183
0.020417
0.0204156
0.0204142
0.0204129
0.0204115
0.0204101
0.0204088
0.0204074
0.0204061
0.0204047
0.0204034
0.020402
0.0204007
0.0203993
0.020398
0.0203967
0.0203953
0.020394
0.0203927
0.0203914
0.02039
0.0203887
0.0203874
0.0203861
0.0203848
0.0203835
0.0203822
0.0203809
0.0203796
0.0203783
0.020377
0.0203757
0.0203744
0.0203731
0.0203718
0.0203706
0.0203693
0.020368
0.0203667
0.0203655
0.0203642
0.0203629
0.0203617
0.0203604
0.0203592
0.0203579
0.0203567
0.0203554
0.0203542
0.0203529
0.0203517
0.0203504
0.0203492
0.020348
0.0203467
0.0203455
0.0203443
0.0203431
0.0203418
0.0203406
0.0203394
0.0203382
0.020337
0.0203358
0.0203346
0.0203334
0.0203321
0.020331
0.0203298
0.0203286
0.0203274
0.0203262
0.020325
0.0203238
0.0203226
0.0203214
0.0203203
0.0203191
0.0203179
0.0203167
0.0203156
0.0203144
0.0203133
0.0203121
0.0203109
0.0203098
0.0203086
0.0203075
0.0203063
0.0203052
0.020304
0.0203029
0.0203017
0.0203006
0.0202995
0.0202983
0.0202972
0.0202961
0.020295
0.0202938
0.0202927
0.0202916
0.0202905
0.0202894
0.0202882
0.0202871
0.020286
0.0202849
0.0202838
0.0202827
0.0202816
0.0202805
0.0202794
0.0202783
0.0202772
0.0202762
0.0202751
0.020274
0.0202729
0.0202718
0.0202707
0.0202697
0.0202686
0.0202675
0.0202665
0.0202654
0.0202643
0.0202633
0.0202622
0.0202611
0.0202601
0.020259
0.020258
0.0202569
0.0202559
0.0202548
0.0202538
0.0202528
0.0202517
0.0202507
0.0202496
0.0202486
0.0202476
0.0202466
0.0202455
0.0202445
0.0202435
0.0202425
0.0202414
0.0202404
0.0202394
0.0202384
0.0202374
0.0202364
0.0202354
0.0202344
0.0202334
0.0202324
0.0202314
0.0202304
0.0202294
0.0202284
0.0202274
0.0202264
0.0202254
0.0202244
0.0202234
0.0202225
0.0202215
0.0202205
0.0202195
0.0202186
0.0202176
0.0202166
0.0202157
0.0202147
0.0202137
0.0202128
0.0202118
0.0202108
0.0202099
0.0202089
0.020208
0.020207
0.0202061
0.0202051
0.0202042
0.0202033
0.0202023
0.0202014
0.0202004
0.0201995
0.0201986
0.0201976
0.0201967
0.0201958
0.0201949
0.0201939
0.020193
0.0201921
0.0201912
0.0201903
0.0201893
0.0201884
0.0201875
0.0201866
0.0201857
0.0201848
0.0201839
0.020183
0.0201821
0.0201812
0.0201803
0.0201794
0.0201785
0.0201776
0.0201767
0.0201758
0.0201749
0.020174
0.0201732
0.0201723
0.0201714
0.0201705
0.0201697
0.0201688
0.0201679
0.020167
0.0201662
0.0201653
0.0201644
0.0201636
0.0201627
0.0201618
0.020161
0.0201601
0.0201593
0.0201584
0.0201576
0.0201567
0.0201559
0.020155
0.0201542
0.0201533
0.0201525
0.0201516
0.0201508
0.02015
0.0201491
0.0201483
0.0201475
0.0201466
0.0201458
0.020145
0.0201441
0.0201433
0.0201425
0.0201417
0.0201409
0.02014
0.0201392
0.0201384
0.0201376
0.0201368
0.020136
0.0201352
0.0201343
0.0201335
0.0201327
0.0201319
0.0201311
0.0201303
0.0201295
0.0201287
0.0201279
0.0201271
0.0201264
0.0201256
0.0201248
0.020124
0.0201232
0.0201224
0.0201216
0.0201209
0.0201201
0.0201193
0.0201185
0.0201177
0.020117
0.0201162
0.0201154
0.0201147
0.0201139
0.0201131
0.0201124
0.0201116
0.0201108
0.0201101
0.0201093
0.0201086
0.0201078
0.020107
0.0201063
