0.020575
0.0205804
0.0205807
0.0205809
0.020581
0.0205812
0.0205813
0.0205814
0.0205815
0.0205815
0.0205816
0.0205816
0.0205817
0.0205817
0.0205817
0.0205817
0.0205817
0.0205817
0.0205817
0.0205817
0.0205817
0.0205816
0.0205816
0.0205816
0.0205815
0.0205815
0.0205814
0.0205813
0.0205813
0.0205812
0.0205812
0.0205811
0.020581
0.0205809
0.0205809
0.0205808
0.0205807
0.0205806
0.0205805
0.0205804
0.0205803
0.0205802
0.0205801
0.0205801
0.02058
0.0205799
0.0205798
0.0205796
0.0205795
0.0205794
0.0205793
0.0205792
0.0205791
0.020579
0.0205789
0.0205788
0.0205787
0.0205786
0.0205784
0.0205783
0.0205782
0.0205781
0.020578
0.0205779
0.0205777
0.0205776
0.0205775
0.0205774
0.0205773
0.0205771
0.020577
0.0205769
0.0205768
0.0205767
0.0205765
0.0205764
0.0205763
0.0205762
0.020576
0.0205759
0.0205758
0.0205757
0.0205755
0.0205754
0.0205753
0.0205751
0.020575
0.0205749
0.0205748
0.0205746
0.0205745
0.0205744
0.0205743
0.0205741
0.020574
0.0205739
0.0205737
0.0205736
0.0205735
0.0205733
0.0205732
0.0205731
0.020573
0.0205728
0.0205727
0.0205726
0.0205724
0.0205723
0.0205722
0.0205721
0.0205719
0.0205718
0.0205717
0.0205715
0.0205714
0.0205713
0.0205711
0.020571
0.0205709
0.0205708
0.0205706
0.0205705
0.0205704
0.0205702
0.0205701
0.02057
0.0205699
0.0205697
0.0205696
0.0205695
0.0205693
0.0205692
0.0205691
0.0205689
0.0205688
0.0205687
0.0205686
0.0205684
0.0205683
0.0205682
0.0205681
0.0205679
0.0205678
0.0205677
0.0205675
0.0205674
0.0205673
0.0205672
0.020567
0.0205669
0.0205668
0.0205666
0.0205665
0.0205664
0.0205663
0.0205661
0.020566
0.0205659
0.0205658
0.0205656
0.0205655
0.0205654
0.0205653
0.0205651
0.020565
0.0205649
0.0205648
0.0205646
0.0205645
0.0205644
0.0205643
0.0205641
0.020564
0.0205639
0.0205638
0.0205636
0.0205635
0.0205634
0.0205633
0.0205631
0.020563
0.0205629
0.0205628
0.0205627
0.0205625
0.0205624
0.0205623
0.0205622
0.020562
0.0205619
0.0205618
0.0205617
0.0205615
0.0205614
0.0205613
0.0205612
0.0205611
0.0205609
0.0205608
0.0205607
0.0205606
0.0205605
0.0205603
0.0205602
0.0205601
0.02056
0.0205599
0.0205597
0.0205596
0.0205595
0.0205594
0.0205593
0.0205591
0.020559
0.0205589
0.0205588
0.0205587
0.0205585
0.0205584
0.0205583
0.0205582
0.0205581
0.020558
0.0205578
0.0205577
0.0205576
0.0205575
0.0205574
0.0205572
0.0205571
0.020557
0.0205569
0.0205568
0.0205567
0.0205565
0.0205564
0.0205563
0.0205562
0.0205561
0.020556
0.0205559
0.0205557
0.0205556
0.0205555
0.0205554
0.0205553
0.0205552
0.020555
0.0205549
0.0205548
0.0205547
0.0205546
0.0205545
0.0205544
0.0205542
0.0205541
0.020554
0.0205539
0.0205538
0.0205537
0.0205536
0.0205534
0.0205533
0.0205532
0.0205531
0.020553
0.0205529
0.0205528
0.0205527
0.0205525
0.0205524
0.0205523
0.0205522
0.0205521
0.020552
0.0205519
0.0205518
0.0205517
0.0205515
0.0205514
0.0205513
0.0205512
0.0205511
0.020551
0.0205509
0.0205508
0.0205507
0.0205505
0.0205504
0.0205503
0.0205502
0.0205501
0.02055
0.0205499
0.0205498
0.0205497
0.0205496
0.0205494
0.0205493
0.0205492
0.0205491
0.020549
0.0205489
0.0205488
0.0205487
0.0205486
0.0205485
0.0205484
0.0205482
0.0205481
0.020548
0.0205479
0.0205478
0.0205477
0.0205476
0.0205475
0.0205474
0.0205473
0.0205472
0.0205471
0.020547
0.0205468
0.0205467
0.0205466
0.0205465
0.0205464
0.0205463
0.0205462
0.0205461
0.020546
0.0205459
0.0205458
0.0205457
0.0205456
0.0205455
0.0205454
0.0205453
0.0205451
0.020545
0.0205449
0.0205448
0.0205447
0.0205446
0.0205445
0.0205444
0.0205443
0.0205442
0.0205441
0.020544
0.0205439
0.0205438
0.0205437
0.0205436
0.0205435
0.0205434
0.0205433
0.0205432
0.0205431
0.020543
0.0205428
0.0205427
0.0205426
0.0205425
0.0205424
0.0205423
0.0205422
0.0205421
0.020542
0.0205419
0.0205418
0.0205417
0.0205416
0.0205415
0.0205414
0.0205413
0.0205412
0.0205411
0.020541
0.0205409
0.0205408
0.0205407
0.0205406
0.0205405
0.0205404
0.0205403
0.0205402
0.0205401
0.02054
0.0205399
0.0205398
0.0205397
0.0205396
0.0205395
0.0205394
0.0205393
0.0205392
0.0205391
0.020539
0.0205389
0.0205388
0.0205387
0.0205386
0.0205385
0.0205384
0.0205383
0.0205382
0.0205381
0.020538
0.0205379
0.0205378
0.0205377
0.0205376
0.0205375
0.0205374
0.0205373
0.0205372
0.0205371
0.020537
0.0205369
0.0205368
0.0205367
0.0205366
0.0205365
0.0205364
0.0205363
0.0205362
0.0205361
0.020536
0.0205359
0.0205358
0.0205357
0.0205356
0.0205355
0.0205354
0.0205353
0.0205352
0.0205351
0.020535
0.0205349
0.0205348
0.0205347
0.0205346
0.0205345
0.0205344
0.0205343
0.0205342
0.0205341
0.020534
0.0205339
0.0205338
0.0205337
0.0205336
0.0205335
0.0205335
0.0205334
0.0205333
0.0205332
0.0205331
0.020533
0.0205329
0.0205328
0.0205327
0.0205326
0.0205325
0.0205324
0.0205323
0.0205322
0.0205321
0.020532
0.0205319
0.0205318
0.0205317
0.0205316
0.0205315
0.0205314
0.0205313
0.0205312
0.0205311
0.020531
0.020531
0.0205309
0.0205308
0.0205307
0.0205306
0.0205305
0.0205304
0.0205303
0.0205302
0.0205301
0.02053
0.0205299
0.0205298
0.0205297
0.0205296
0.0205295
0.0205294
0.0205293
0.0205292
0.0205292
0.0205291
