0.0203918
0.0203992
0.0203992
0.0203991
0.0203991
0.020399
0.0203989
0.0203988
0.0203987
0.0203986
0.0203984
0.0203983
0.0203981
0.0203979
0.0203977
0.0203976
0.0203974
0.0203972
0.0203969
0.0203967
0.0203965
0.0203963
0.020396
0.0203958
0.0203956
0.0203953
0.0203951
0.0203948
0.0203946
0.0203943
0.0203941
0.0203938
0.0203935
0.0203933
0.020393
0.0203927
0.0203925
0.0203922
0.0203919
0.0203916
0.0203914
0.0203911
0.0203908
0.0203905
0.0203902
0.02039
0.0203897
0.0203894
0.0203891
0.0203888
0.0203885
0.0203882
0.0203879
0.0203877
0.0203874
0.0203871
0.0203868
0.0203865
0.0203862
0.0203859
0.0203856
0.0203853
0.020385
0.0203848
0.0203845
0.0203842
0.0203839
0.0203836
0.0203833
0.020383
0.0203827
0.0203824
0.0203821
0.0203818
0.0203815
0.0203813
0.020381
0.0203807
0.0203804
0.0203801
0.0203798
0.0203795
0.0203792
0.0203789
0.0203786
0.0203784
0.0203781
0.0203778
0.0203775
0.0203772
0.0203769
0.0203766
0.0203763
0.020376
0.0203758
0.0203755
0.0203752
0.0203749
0.0203746
0.0203743
0.020374
0.0203737
0.0203735
0.0203732
0.0203729
0.0203726
0.0203723
0.020372
0.0203718
0.0203715
0.0203712
0.0203709
0.0203706
0.0203704
0.0203701
0.0203698
0.0203695
0.0203692
0.020369
0.0203687
0.0203684
0.0203681
0.0203678
0.0203676
0.0203673
0.020367
0.0203667
0.0203665
0.0203662
0.0203659
0.0203656
0.0203654
0.0203651
0.0203648
0.0203646
0.0203643
0.020364
0.0203637
0.0203635
0.0203632
0.0203629
0.0203627
0.0203624
0.0203621
0.0203619
0.0203616
0.0203613
0.0203611
0.0203608
0.0203605
0.0203603
0.02036
0.0203597
0.0203595
0.0203592
0.020359
0.0203587
0.0203584
0.0203582
0.0203579
0.0203577
0.0203574
0.0203571
0.0203569
0.0203566
0.0203564
0.0203561
0.0203558
0.0203556
0.0203553
0.0203551
0.0203548
0.0203546
0.0203543
0.0203541
0.0203538
0.0203536
0.0203533
0.0203531
0.0203528
0.0203525
0.0203523
0.020352
0.0203518
0.0203516
0.0203513
0.0203511
0.0203508
0.0203506
0.0203503
0.0203501
0.0203498
0.0203496
0.0203493
0.0203491
0.0203488
0.0203486
0.0203484
0.0203481
0.0203479
0.0203476
0.0203474
0.0203471
0.0203469
0.0203467
0.0203464
0.0203462
0.0203459
0.0203457
0.0203455
0.0203452
0.020345
0.0203448
0.0203445
0.0203443
0.0203441
0.0203438
0.0203436
0.0203433
0.0203431
0.0203429
0.0203427
0.0203424
0.0203422
0.020342
0.0203417
0.0203415
0.0203413
0.020341
0.0203408
0.0203406
0.0203403
0.0203401
0.0203399
0.0203397
0.0203394
0.0203392
0.020339
0.0203388
0.0203385
0.0203383
0.0203381
0.0203379
0.0203376
0.0203374
0.0203372
0.020337
0.0203367
0.0203365
0.0203363
0.0203361
0.0203359
0.0203356
0.0203354
0.0203352
0.020335
0.0203348
0.0203345
0.0203343
0.0203341
0.0203339
0.0203337
0.0203335
0.0203332
0.020333
0.0203328
0.0203326
0.0203324
0.0203322
0.020332
0.0203317
0.0203315
0.0203313
0.0203311
0.0203309
0.0203307
0.0203305
0.0203303
0.0203301
0.0203298
0.0203296
0.0203294
0.0203292
0.020329
0.0203288
0.0203286
0.0203284
0.0203282
0.020328
0.0203278
0.0203276
0.0203274
0.0203272
0.020327
0.0203267
0.0203265
0.0203263
0.0203261
0.0203259
0.0203257
0.0203255
0.0203253
0.0203251
0.0203249
0.0203247
0.0203245
0.0203243
0.0203241
0.0203239
0.0203237
0.0203235
0.0203233
0.0203231
0.0203229
0.0203227
0.0203225
0.0203223
0.0203221
0.020322
0.0203218
0.0203216
0.0203214
0.0203212
0.020321
0.0203208
0.0203206
0.0203204
0.0203202
0.02032
0.0203198
0.0203196
0.0203194
0.0203192
0.0203191
0.0203189
0.0203187
0.0203185
0.0203183
0.0203181
0.0203179
0.0203177
0.0203175
0.0203174
0.0203172
0.020317
0.0203168
0.0203166
0.0203164
0.0203162
0.020316
0.0203159
0.0203157
0.0203155
0.0203153
0.0203151
0.0203149
0.0203148
0.0203146
0.0203144
0.0203142
0.020314
0.0203138
0.0203137
0.0203135
0.0203133
0.0203131
0.0203129
0.0203128
0.0203126
0.0203124
0.0203122
0.020312
0.0203119
0.0203117
0.0203115
0.0203113
0.0203112
0.020311
0.0203108
0.0203106
0.0203104
0.0203103
0.0203101
0.0203099
0.0203097
0.0203096
0.0203094
0.0203092
0.020309
0.0203089
0.0203087
0.0203085
0.0203084
0.0203082
0.020308
0.0203078
0.0203077
0.0203075
0.0203073
0.0203071
0.020307
0.0203068
0.0203066
0.0203065
0.0203063
0.0203061
0.020306
0.0203058
0.0203056
0.0203055
0.0203053
0.0203051
0.020305
0.0203048
0.0203046
0.0203045
0.0203043
0.0203041
0.020304
0.0203038
0.0203036
0.0203035
0.0203033
0.0203031
0.020303
0.0203028
0.0203026
0.0203025
0.0203023
0.0203022
0.020302
0.0203018
0.0203017
0.0203015
0.0203013
0.0203012
0.020301
0.0203009
0.0203007
0.0203005
0.0203004
0.0203002
0.0203001
0.0202999
0.0202997
0.0202996
0.0202994
0.0202993
0.0202991
0.020299
0.0202988
0.0202986
0.0202985
0.0202983
0.0202982
0.020298
0.0202979
0.0202977
0.0202975
0.0202974
0.0202972
0.0202971
0.0202969
0.0202968
0.0202966
0.0202965
0.0202963
0.0202962
0.020296
0.0202959
0.0202957
0.0202955
0.0202954
0.0202952
0.0202951
0.0202949
0.0202948
0.0202946
0.0202945
0.0202943
0.0202942
0.020294
0.0202939
0.0202937
0.0202936
0.0202934
0.0202933
0.0202931
0.020293
0.0202928
0.0202927
0.0202925
0.0202924
0.0202923
0.0202921
0.020292
0.0202918
0.0202917
0.0202915
0.0202914
