0.0218385
0.0218316
0.0218277
0.0218238
0.0218199
0.021816
0.021812
0.0218081
0.0218041
0.0218001
0.0217962
0.0217922
0.0217882
0.0217842
0.0217803
0.0217763
0.0217723
0.0217684
0.0217644
0.0217604
0.0217565
0.0217525
0.0217486
0.0217446
0.0217407
0.0217367
0.0217328
0.0217289
0.021725
0.021721
0.0217171
0.0217132
0.0217093
0.0217054
0.0217015
0.0216976
0.0216937
0.0216898
0.021686
0.0216821
0.0216782
0.0216744
0.0216705
0.0216667
0.0216628
0.021659
0.0216552
0.0216513
0.0216475
0.0216437
0.0216399
0.0216361
0.0216323
0.0216285
0.0216247
0.0216209
0.0216172
0.0216134
0.0216096
0.0216059
0.0216021
0.0215984
0.0215946
0.0215909
0.0215872
0.0215834
0.0215797
0.021576
0.0215723
0.0215686
0.0215649
0.0215612
0.0215575
0.0215538
0.0215502
0.0215465
0.0215428
0.0215392
0.0215355
0.0215319
0.0215282
0.0215246
0.021521
0.0215173
0.0215137
0.0215101
0.0215065
0.0215029
0.0214993
0.0214957
0.0214921
0.0214885
0.021485
0.0214814
0.0214778
0.0214743
0.0214707
0.0214672
0.0214636
0.0214601
0.0214566
0.021453
0.0214495
0.021446
0.0214425
0.021439
0.0214355
0.021432
0.0214285
0.021425
0.0214216
0.0214181
0.0214146
0.0214112
0.0214077
0.0214043
0.0214008
0.0213974
0.0213939
0.0213905
0.0213871
0.0213837
0.0213803
0.0213769
0.0213735
0.0213701
0.0213667
0.0213633
0.0213599
0.0213566
0.0213532
0.0213498
0.0213465
0.0213431
0.0213398
0.0213365
0.0213331
0.0213298
0.0213265
0.0213232
0.0213198
0.0213165
0.0213132
0.02131
0.0213067
0.0213034
0.0213001
0.0212968
0.0212936
0.0212903
0.0212871
0.0212838
0.0212806
0.0212773
0.0212741
0.0212709
0.0212676
0.0212644
0.0212612
0.021258
0.0212548
0.0212516
0.0212484
0.0212452
0.0212421
0.0212389
0.0212357
0.0212326
0.0212294
0.0212263
0.0212231
0.02122
0.0212168
0.0212137
0.0212106
0.0212075
0.0212044
0.0212013
0.0211982
0.0211951
0.021192
0.0211889
0.0211858
0.0211827
0.0211797
0.0211766
0.0211736
0.0211705
0.0211675
0.0211644
0.0211614
0.0211583
0.0211553
0.0211523
0.0211493
0.0211463
0.0211433
0.0211403
0.0211373
0.0211343
0.0211313
0.0211283
0.0211254
0.0211224
0.0211194
0.0211165
0.0211135
0.0211106
0.0211076
0.0211047
0.0211018
0.0210989
0.0210959
0.021093
0.0210901
0.0210872
0.0210843
0.0210814
0.0210785
0.0210757
0.0210728
0.0210699
0.021067
0.0210642
0.0210613
0.0210585
0.0210556
0.0210528
0.0210499
0.0210471
0.0210443
0.0210415
0.0210386
0.0210358
0.021033
0.0210302
0.0210274
0.0210246
0.0210218
0.0210191
0.0210163
0.0210135
0.0210108
0.021008
0.0210052
0.0210025
0.0209997
0.020997
0.0209943
0.0209915
0.0209888
0.0209861
0.0209834
0.0209807
0.0209779
0.0209752
0.0209725
0.0209699
0.0209672
0.0209645
0.0209618
0.0209591
0.0209565
0.0209538
0.0209511
0.0209485
0.0209458
0.0209432
0.0209406
0.0209379
0.0209353
0.0209327
0.02093
0.0209274
0.0209248
0.0209222
0.0209196
0.020917
0.0209144
0.0209118
0.0209092
0.0209067
0.0209041
0.0209015
0.020899
0.0208964
0.0208938
0.0208913
0.0208887
0.0208862
0.0208837
0.0208811
0.0208786
0.0208761
0.0208736
0.0208711
0.0208685
0.020866
0.0208635
0.020861
0.0208586
0.0208561
0.0208536
0.0208511
0.0208486
0.0208462
0.0208437
0.0208412
0.0208388
0.0208363
0.0208339
0.0208314
0.020829
0.0208266
0.0208241
0.0208217
0.0208193
0.0208169
0.0208145
0.0208121
0.0208097
0.0208073
0.0208049
0.0208025
0.0208001
0.0207977
0.0207953
0.020793
0.0207906
0.0207882
0.0207859
0.0207835
0.0207812
0.0207788
0.0207765
0.0207741
0.0207718
0.0207695
0.0207672
0.0207648
0.0207625
0.0207602
0.0207579
0.0207556
0.0207533
0.020751
0.0207487
0.0207464
0.0207441
0.0207419
0.0207396
0.0207373
0.020735
0.0207328
0.0207305
0.0207283
0.020726
0.0207238
0.0207215
0.0207193
0.0207171
0.0207148
0.0207126
0.0207104
0.0207082
0.0207059
0.0207037
0.0207015
0.0206993
0.0206971
0.0206949
0.0206927
0.0206906
0.0206884
0.0206862
0.020684
0.0206819
0.0206797
0.0206775
0.0206754
0.0206732
0.0206711
0.0206689
0.0206668
0.0206646
0.0206625
0.0206604
0.0206582
0.0206561
0.020654
0.0206519
0.0206498
0.0206477
0.0206456
0.0206435
0.0206414
0.0206393
0.0206372
0.0206351
0.020633
0.0206309
0.0206289
0.0206268
0.0206247
0.0206227
0.0206206
0.0206186
0.0206165
0.0206145
0.0206124
0.0206104
0.0206083
0.0206063
0.0206043
0.0206023
0.0206002
0.0205982
0.0205962
0.0205942
0.0205922
0.0205902
0.0205882
0.0205862
0.0205842
0.0205822
0.0205802
0.0205782
0.0205763
0.0205743
0.0205723
0.0205703
0.0205684
0.0205664
0.0205645
0.0205625
0.0205606
0.0205586
0.0205567
0.0205547
0.0205528
0.0205509
0.0205489
0.020547
0.0205451
0.0205432
0.0205413
0.0205394
0.0205374
0.0205355
0.0205336
0.0205317
0.0205299
0.020528
0.0205261
0.0205242
0.0205223
0.0205204
0.0205186
0.0205167
0.0205148
0.020513
0.0205111
0.0205092
0.0205074
0.0205055
0.0205037
0.0205019
0.0205
0.0204982
0.0204964
0.0204945
0.0204927
0.0204909
0.0204891
0.0204872
0.0204854
0.0204836
0.0204818
0.02048
0.0204782
0.0204764
0.0204746
0.0204728
0.020471
0.0204693
0.0204675
0.0204657
0.0204639
0.0204622
0.0204604
0.0204586
0.0204569
0.0204551
0.0204534
0.0204516
0.0204499
0.0204481
0.0204464
0.0204446
0.0204429
