0.110213
0.100937
0.0777365
0.0597196
0.0568097
0.0557403
0.0547761
0.0537567
0.0526005
0.0512553
0.0497206
0.0480934
0.0465717
0.0453317
0.0444005
0.0436979
0.0431388
0.0426692
0.0422593
0.041892
0.0415565
0.0412453
0.0409533
0.0406774
0.0404162
0.04017
0.0399396
0.039725
0.0395242
0.0393327
0.0391436
0.0389473
0.0387325
0.038488
0.0382065
0.0378891
0.0375458
0.0371913
0.0368404
0.0365052
0.0361948
0.0359142
0.035665
0.035445
0.0352505
0.0350768
0.0349193
0.0347742
0.0346385
0.03451
0.0343871
0.0342687
0.0341539
0.0340422
0.0339331
0.0338263
0.0337215
0.0336185
0.0335173
0.0334175
0.0333192
0.0332222
0.0331265
0.0330319
0.0329385
0.0328462
0.0327549
0.0326646
0.0325753
0.0324868
0.0323993
0.0323127
0.0322269
0.032142
0.0320578
0.0319745
0.0318919
0.0318101
0.0317291
0.0316488
0.0315692
0.0314904
0.0314123
0.0313349
0.0312582
0.0311822
0.031107
0.0310324
0.0309586
0.0308855
0.0308131
0.0307414
0.0306704
0.0306002
0.0305307
0.0304619
0.0303939
0.0303266
0.0302601
0.0301943
0.0301292
0.030065
0.0300014
0.0299387
0.0298766
0.0298154
0.0297549
0.0296951
0.0296361
0.0295778
0.0295202
0.0294633
0.0294072
0.0293517
0.0292969
0.0292427
0.0291892
0.0291362
0.0290839
0.0290321
0.0289809
0.0289302
0.0288801
0.0288304
0.0287811
0.0287323
0.0286839
0.0286359
0.0285883
0.028541
0.028494
0.0284473
0.0284008
0.0283546
0.0283087
0.028263
0.0282174
0.0281721
0.028127
0.028082
0.0280372
0.0279925
0.027948
0.0279037
0.0278596
0.0278157
0.027772
0.0277285
0.0276853
0.0276424
0.0275997
0.0275575
0.0275156
0.0274741
0.0274332
0.0273927
0.0273527
0.0273133
0.0272745
0.0272363
0.0271988
0.0271619
0.0271257
0.0270901
0.0270552
0.0270209
0.0269873
0.0269544
0.026922
0.0268903
0.0268591
0.0268286
0.0267986
0.0267691
0.0267402
0.0267118
0.0266839
0.0266565
0.0266295
0.026603
0.026577
0.0265514
0.0265262
0.0265014
0.0264771
0.0264531
0.0264295
0.0264062
0.0263833
0.0263608
0.0263386
0.0263168
0.0262952
0.026274
0.0262531
0.0262324
0.0262121
0.0261921
0.0261723
0.0261528
0.0261335
0.0261146
0.0260958
0.0260773
0.0260591
0.0260411
0.0260233
0.0260057
0.0259884
0.0259712
0.0259543
0.0259376
0.025921
0.0259047
0.0258885
0.0258726
0.0258568
0.0258412
0.0258257
0.0258104
0.0257953
0.0257804
0.0257656
0.025751
0.0257365
0.0257221
0.0257079
0.0256939
0.02568
0.0256662
0.0256525
0.025639
0.0256256
0.0256123
0.0255991
0.0255861
0.0255732
0.0255604
0.0255477
0.0255351
0.0255226
0.0255102
0.0254979
0.0254857
0.0254737
0.0254617
0.0254498
0.025438
0.0254263
0.0254146
0.0254031
0.0253917
0.0253803
0.025369
0.0253578
0.0253467
0.0253356
0.0253247
0.0253138
0.0253029
0.0252922
0.0252815
0.0252709
0.0252603
0.0252498
0.0252394
0.0252291
0.0252188
0.0252086
0.0251984
0.0251883
0.0251783
0.0251683
0.0251583
0.0251485
0.0251386
0.0251289
0.0251192
0.0251095
0.0250999
0.0250903
0.0250808
0.0250713
0.0250619
0.0250526
0.0250432
0.025034
0.0250247
0.0250156
0.0250064
0.0249973
0.0249883
0.0249793
0.0249703
0.0249614
0.0249525
0.0249436
0.0249348
0.024926
0.0249173
0.0249086
0.0248999
0.0248913
0.0248827
0.0248741
0.0248656
0.0248571
0.0248487
0.0248402
0.0248318
0.0248235
0.0248152
0.0248069
0.0247986
0.0247904
0.0247821
0.024774
0.0247658
0.0247577
0.0247496
0.0247416
0.0247335
0.0247255
0.0247175
0.0247096
0.0247017
0.0246938
0.0246859
0.024678
0.0246702
0.0246624
0.0246546
0.0246469
0.0246392
0.0246315
0.0246238
0.0246161
0.0246085
0.0246009
0.0245933
0.0245857
0.0245782
0.0245707
0.0245632
0.0245557
0.0245482
0.0245408
0.0245334
0.024526
0.0245186
0.0245113
0.0245039
0.0244966
0.0244893
0.024482
0.0244748
0.0244675
0.0244603
0.0244531
0.0244459
0.0244387
0.0244316
0.0244245
0.0244173
0.0244102
0.0244032
0.0243961
0.0243891
0.024382
0.024375
0.024368
0.024361
0.0243541
0.0243471
0.0243402
0.0243333
0.0243264
0.0243195
0.0243126
0.0243057
0.0242989
0.0242921
0.0242853
0.0242785
0.0242717
0.0242649
0.0242582
0.0242514
0.0242447
0.024238
0.0242313
0.0242246
0.0242179
0.0242113
0.0242046
0.024198
0.0241914
0.0241848
0.0241782
0.0241716
0.024165
0.0241585
0.0241519
0.0241454
0.0241389
0.0241324
0.0241259
0.0241194
0.024113
0.0241065
0.0241001
0.0240936
0.0240872
0.0240808
0.0240744
0.024068
0.0240617
0.0240553
0.024049
0.0240426
0.0240363
0.02403
0.0240237
0.0240174
0.0240111
0.0240048
0.0239986
0.0239923
0.0239861
0.0239799
0.0239737
0.0239674
0.0239612
0.0239551
0.0239489
0.0239427
0.0239366
0.0239304
0.0239243
0.0239182
0.0239121
0.023906
0.0238999
0.0238938
0.0238877
0.0238816
0.0238756
0.0238695
0.0238635
0.0238575
0.0238515
0.0238455
0.0238395
0.0238335
0.0238275
0.0238215
0.0238156
0.0238096
0.0238037
0.0237978
0.0237918
0.0237859
0.02378
0.0237741
0.0237682
0.0237624
0.0237565
0.0237506
0.0237448
0.0237389
0.0237331
0.0237273
0.0237215
0.0237157
0.0237099
0.0237041
0.0236983
0.0236925
0.0236868
0.023681
0.0236753
0.0236695
0.0236638
0.0236581
0.0236524
0.0236467
0.023641
0.0236353
0.0236296
0.0236239
0.0236183
0.0236126
0.023607
0.0236013
0.0235957
0.0235901
0.0235844
0.0235788
0.0235732
0.0235676
