0.0203828
0.0203893
0.0203887
0.020388
0.0203873
0.0203867
0.020386
0.0203853
0.0203846
0.0203839
0.0203832
0.0203825
0.0203818
0.020381
0.0203803
0.0203796
0.0203788
0.0203781
0.0203773
0.0203766
0.0203758
0.0203751
0.0203743
0.0203735
0.0203728
0.020372
0.0203712
0.0203705
0.0203697
0.0203689
0.0203682
0.0203674
0.0203666
0.0203658
0.0203651
0.0203643
0.0203635
0.0203627
0.020362
0.0203612
0.0203604
0.0203596
0.0203589
0.0203581
0.0203573
0.0203566
0.0203558
0.020355
0.0203542
0.0203535
0.0203527
0.0203519
0.0203512
0.0203504
0.0203496
0.0203489
0.0203481
0.0203474
0.0203466
0.0203458
0.0203451
0.0203443
0.0203436
0.0203428
0.0203421
0.0203413
0.0203405
0.0203398
0.020339
0.0203383
0.0203376
0.0203368
0.0203361
0.0203353
0.0203346
0.0203338
0.0203331
0.0203324
0.0203316
0.0203309
0.0203302
0.0203294
0.0203287
0.020328
0.0203272
0.0203265
0.0203258
0.0203251
0.0203243
0.0203236
0.0203229
0.0203222
0.0203215
0.0203207
0.02032
0.0203193
0.0203186
0.0203179
0.0203172
0.0203165
0.0203158
0.0203151
0.0203144
0.0203137
0.020313
0.0203123
0.0203116
0.0203109
0.0203102
0.0203095
0.0203088
0.0203081
0.0203074
0.0203067
0.020306
0.0203053
0.0203047
0.020304
0.0203033
0.0203026
0.0203019
0.0203013
0.0203006
0.0202999
0.0202992
0.0202986
0.0202979
0.0202972
0.0202966
0.0202959
0.0202952
0.0202946
0.0202939
0.0202932
0.0202926
0.0202919
0.0202913
0.0202906
0.02029
0.0202893
0.0202886
0.020288
0.0202874
0.0202867
0.0202861
0.0202854
0.0202848
0.0202841
0.0202835
0.0202829
0.0202822
0.0202816
0.0202809
0.0202803
0.0202797
0.020279
0.0202784
0.0202778
0.0202772
0.0202765
0.0202759
0.0202753
0.0202747
0.020274
0.0202734
0.0202728
0.0202722
0.0202716
0.020271
0.0202703
0.0202697
0.0202691
0.0202685
0.0202679
0.0202673
0.0202667
0.0202661
0.0202655
0.0202649
0.0202643
0.0202637
0.0202631
0.0202625
0.0202619
0.0202613
0.0202607
0.0202601
0.0202595
0.0202589
0.0202584
0.0202578
0.0202572
0.0202566
0.020256
0.0202554
0.0202549
0.0202543
0.0202537
0.0202531
0.0202525
0.020252
0.0202514
0.0202508
0.0202502
0.0202497
0.0202491
0.0202485
0.020248
0.0202474
0.0202468
0.0202463
0.0202457
0.0202452
0.0202446
0.020244
0.0202435
0.0202429
0.0202424
0.0202418
0.0202413
0.0202407
0.0202402
0.0202396
0.0202391
0.0202385
0.020238
0.0202374
0.0202369
0.0202364
0.0202358
0.0202353
0.0202347
0.0202342
0.0202337
0.0202331
0.0202326
0.0202321
0.0202315
0.020231
0.0202305
0.0202299
0.0202294
0.0202289
0.0202283
0.0202278
0.0202273
0.0202268
0.0202263
0.0202257
0.0202252
0.0202247
0.0202242
0.0202237
0.0202231
0.0202226
0.0202221
0.0202216
0.0202211
0.0202206
0.0202201
0.0202196
0.0202191
0.0202186
0.0202181
0.0202176
0.020217
0.0202165
0.020216
0.0202155
0.020215
0.0202146
0.0202141
0.0202136
0.0202131
0.0202126
0.0202121
0.0202116
0.0202111
0.0202106
0.0202101
0.0202096
0.0202091
0.0202087
0.0202082
0.0202077
0.0202072
0.0202067
0.0202062
0.0202058
0.0202053
0.0202048
0.0202043
0.0202039
0.0202034
0.0202029
0.0202024
0.020202
0.0202015
0.020201
0.0202005
0.0202001
0.0201996
0.0201991
0.0201987
0.0201982
0.0201978
0.0201973
0.0201968
0.0201964
0.0201959
0.0201954
0.020195
0.0201945
0.0201941
0.0201936
0.0201932
0.0201927
0.0201923
0.0201918
0.0201914
0.0201909
0.0201905
0.02019
0.0201896
0.0201891
0.0201887
0.0201882
0.0201878
0.0201873
0.0201869
0.0201865
0.020186
0.0201856
0.0201851
0.0201847
0.0201843
0.0201838
0.0201834
0.020183
0.0201825
0.0201821
0.0201817
0.0201812
0.0201808
0.0201804
0.0201799
0.0201795
0.0201791
0.0201787
0.0201782
0.0201778
0.0201774
0.020177
0.0201766
0.0201761
0.0201757
0.0201753
0.0201749
0.0201745
0.020174
0.0201736
0.0201732
0.0201728
0.0201724
0.020172
0.0201716
0.0201712
0.0201707
0.0201703
0.0201699
0.0201695
0.0201691
0.0201687
0.0201683
0.0201679
0.0201675
0.0201671
0.0201667
0.0201663
0.0201659
0.0201655
0.0201651
0.0201647
0.0201643
0.0201639
0.0201635
0.0201631
0.0201627
0.0201623
0.0201619
0.0201615
0.0201611
0.0201607
0.0201604
0.02016
0.0201596
0.0201592
0.0201588
0.0201584
0.020158
0.0201577
0.0201573
0.0201569
0.0201565
0.0201561
0.0201557
0.0201554
0.020155
0.0201546
0.0201542
0.0201539
0.0201535
0.0201531
0.0201527
0.0201524
0.020152
0.0201516
0.0201512
0.0201509
0.0201505
0.0201501
0.0201498
0.0201494
0.020149
0.0201486
0.0201483
0.0201479
0.0201476
0.0201472
0.0201468
0.0201465
0.0201461
0.0201457
0.0201454
0.020145
0.0201447
0.0201443
0.0201439
0.0201436
0.0201432
0.0201429
0.0201425
0.0201422
0.0201418
0.0201415
0.0201411
0.0201408
0.0201404
0.0201401
0.0201397
0.0201394
0.020139
0.0201387
0.0201383
0.020138
0.0201376
0.0201373
0.0201369
0.0201366
0.0201362
0.0201359
0.0201356
0.0201352
0.0201349
0.0201345
0.0201342
0.0201339
0.0201335
0.0201332
0.0201328
0.0201325
0.0201322
0.0201318
0.0201315
0.0201312
0.0201308
0.0201305
0.0201302
0.0201298
0.0201295
0.0201292
0.0201289
0.0201285
0.0201282
0.0201279
0.0201275
0.0201272
0.0201269
0.0201266
0.0201262
0.0201259
0.0201256
0.0201253
0.020125
0.0201246
0.0201243
0.020124
0.0201237
0.0201233
0.020123
