0.0239602
0.0239562
0.023951
0.0239448
0.0239385
0.023932
0.0239254
0.0239187
0.0239119
0.0239051
0.0238983
0.0238914
0.0238845
0.0238776
0.0238706
0.0238637
0.0238568
0.0238498
0.0238429
0.0238359
0.023829
0.0238221
0.0238151
0.0238082
0.0238013
0.0237944
0.0237875
0.0237806
0.0237737
0.0237669
0.02376
0.0237532
0.0237464
0.0237395
0.0237327
0.0237259
0.0237191
0.0237124
0.0237056
0.0236988
0.0236921
0.0236853
0.0236786
0.0236719
0.0236652
0.0236585
0.0236518
0.0236452
0.0236385
0.0236319
0.0236252
0.0236186
0.023612
0.0236054
0.0235988
0.0235922
0.0235857
0.0235791
0.0235725
0.023566
0.0235595
0.023553
0.0235465
0.02354
0.0235335
0.023527
0.0235206
0.0235141
0.0235077
0.0235012
0.0234948
0.0234884
0.023482
0.0234756
0.0234692
0.0234629
0.0234565
0.0234502
0.0234438
0.0234375
0.0234312
0.0234249
0.0234186
0.0234123
0.0234061
0.0233998
0.0233935
0.0233873
0.0233811
0.0233748
0.0233686
0.0233624
0.0233562
0.0233501
0.0233439
0.0233377
0.0233316
0.0233254
0.0233193
0.0233132
0.0233071
0.023301
0.0232949
0.0232888
0.0232827
0.0232767
0.0232706
0.0232646
0.0232585
0.0232525
0.0232465
0.0232405
0.0232345
0.0232285
0.0232226
0.0232166
0.0232106
0.0232047
0.0231988
0.0231928
0.0231869
0.023181
0.0231751
0.0231692
0.0231634
0.0231575
0.0231516
0.0231458
0.0231399
0.0231341
0.0231283
0.0231225
0.0231167
0.0231109
0.0231051
0.0230993
0.0230936
0.0230878
0.0230821
0.0230763
0.0230706
0.0230649
0.0230592
0.0230535
0.0230478
0.0230421
0.0230364
0.0230308
0.0230251
0.0230195
0.0230138
0.0230082
0.0230026
0.022997
0.0229914
0.0229858
0.0229802
0.0229746
0.0229691
0.0229635
0.022958
0.0229524
0.0229469
0.0229414
0.0229359
0.0229304
0.0229249
0.0229194
0.0229139
0.0229084
0.022903
0.0228975
0.0228921
0.0228867
0.0228812
0.0228758
0.0228704
0.022865
0.0228596
0.0228542
0.0228489
0.0228435
0.0228381
0.0228328
0.0228275
0.0228221
0.0228168
0.0228115
0.0228062
0.0228009
0.0227956
0.0227903
0.0227851
0.0227798
0.0227745
0.0227693
0.0227641
0.0227588
0.0227536
0.0227484
0.0227432
0.022738
0.0227328
0.0227276
0.0227225
0.0227173
0.0227121
0.022707
0.0227018
0.0226967
0.0226916
0.0226865
0.0226814
0.0226763
0.0226712
0.0226661
0.022661
0.022656
0.0226509
0.0226459
0.0226408
0.0226358
0.0226308
0.0226257
0.0226207
0.0226157
0.0226107
0.0226057
0.0226008
0.0225958
0.0225908
0.0225859
0.0225809
0.022576
0.0225711
0.0225661
0.0225612
0.0225563
0.0225514
0.0225465
0.0225416
0.0225367
0.0225319
0.022527
0.0225222
0.0225173
0.0225125
0.0225076
0.0225028
0.022498
0.0224932
0.0224884
0.0224836
0.0224788
0.022474
0.0224693
0.0224645
0.0224597
0.022455
0.0224502
0.0224455
0.0224408
0.0224361
0.0224313
0.0224266
0.0224219
0.0224172
0.0224126
0.0224079
0.0224032
0.0223986
0.0223939
0.0223893
0.0223846
0.02238
0.0223754
0.0223707
0.0223661
0.0223615
0.0223569
0.0223523
0.0223478
0.0223432
0.0223386
0.0223341
0.0223295
0.022325
0.0223204
0.0223159
0.0223114
0.0223068
0.0223023
0.0222978
0.0222933
0.0222888
0.0222844
0.0222799
0.0222754
0.0222709
0.0222665
0.022262
0.0222576
0.0222532
0.0222487
0.0222443
0.0222399
0.0222355
0.0222311
0.0222267
0.0222223
0.0222179
0.0222135
0.0222092
0.0222048
0.0222005
0.0221961
0.0221918
0.0221874
0.0221831
0.0221788
0.0221745
0.0221702
0.0221659
0.0221616
0.0221573
0.022153
0.0221487
0.0221444
0.0221402
0.0221359
0.0221317
0.0221274
0.0221232
0.022119
0.0221147
0.0221105
0.0221063
0.0221021
0.0220979
0.0220937
0.0220895
0.0220854
0.0220812
0.022077
0.0220729
0.0220687
0.0220646
0.0220604
0.0220563
0.0220521
0.022048
0.0220439
0.0220398
0.0220357
0.0220316
0.0220275
0.0220234
0.0220193
0.0220153
0.0220112
0.0220071
0.0220031
0.021999
0.021995
0.0219909
0.0219869
0.0219829
0.0219789
0.0219748
0.0219708
0.0219668
0.0219628
0.0219588
0.0219549
0.0219509
0.0219469
0.0219429
0.021939
0.021935
0.0219311
0.0219271
0.0219232
0.0219193
0.0219153
0.0219114
0.0219075
0.0219036
0.0218997
0.0218958
0.0218919
0.021888
0.0218841
0.0218803
0.0218764
0.0218725
0.0218687
0.0218648
0.021861
0.0218571
0.0218533
0.0218495
0.0218456
0.0218418
0.021838
0.0218342
0.0218304
0.0218266
0.0218228
0.021819
0.0218152
0.0218114
0.0218077
0.0218039
0.0218001
0.0217964
0.0217926
0.0217889
0.0217852
0.0217814
0.0217777
0.021774
0.0217703
0.0217665
0.0217628
0.0217591
0.0217554
0.0217517
0.021748
0.0217444
0.0217407
0.021737
0.0217334
0.0217297
0.021726
0.0217224
0.0217187
0.0217151
0.0217115
0.0217078
0.0217042
0.0217006
0.021697
0.0216934
0.0216897
0.0216861
0.0216825
0.021679
0.0216754
0.0216718
0.0216682
0.0216646
0.0216611
0.0216575
0.021654
0.0216504
0.0216469
0.0216433
0.0216398
0.0216362
0.0216327
0.0216292
0.0216257
0.0216222
0.0216186
0.0216151
0.0216116
0.0216081
0.0216046
0.0216012
0.0215977
0.0215942
0.0215907
0.0215873
0.0215838
0.0215803
0.0215769
0.0215734
0.02157
0.0215666
0.0215631
0.0215597
0.0215563
0.0215528
0.0215494
0.021546
0.0215426
0.0215392
0.0215358
0.0215324
0.021529
0.0215256
0.0215222
0.0215189
0.0215155
0.0215121
0.0215087
0.0215054
0.021502
0.0214987
0.0214953
