0.0166282
0.0164821
0.0163935
0.0163714
0.0163801
0.0163832
0.016368
0.0163393
0.0163051
0.016271
0.0162391
0.0162103
0.0161845
0.0161611
0.0161398
0.01612
0.0161016
0.0160841
0.0160676
0.0160518
0.0160367
0.0160224
0.0160089
0.015996
0.0159838
0.0159723
0.0159614
0.0159511
0.0159414
0.0159322
0.0159235
0.0159153
0.0159076
0.0159003
0.0158934
0.015887
0.0158809
0.0158752
0.0158699
0.0158649
0.0158602
0.0158558
0.0158517
0.0158479
0.0158444
0.0158411
0.0158381
0.0158353
0.0158327
0.0158303
0.0158282
0.0158262
0.0158244
0.0158228
0.0158214
0.0158201
0.015819
0.015818
0.0158172
0.0158165
0.0158159
0.0158154
0.0158151
0.0158149
0.0158147
0.0158147
0.0158148
0.0158149
0.0158152
0.0158155
0.0158159
0.0158164
0.0158169
0.0158175
0.0158182
0.0158189
0.0158197
0.0158206
0.0158214
0.0158224
0.0158234
0.0158244
0.0158254
0.0158265
0.0158276
0.0158288
0.01583
0.0158312
0.0158324
0.0158337
0.015835
0.0158363
0.0158376
0.0158389
0.0158402
0.0158416
0.015843
0.0158444
0.0158457
0.0158471
