0.0153647
0.0153651
0.015351
0.0153347
0.0153215
0.0153121
0.0153057
0.0153013
0.0152979
0.0152951
0.0152924
0.0152896
0.0152867
0.0152836
0.0152804
0.0152771
0.0152738
0.0152704
0.0152671
0.0152637
0.0152604
0.0152571
0.0152539
0.0152507
0.0152476
0.0152446
0.0152416
0.0152387
0.0152358
0.015233
0.0152303
0.0152276
0.015225
0.0152224
0.01522
0.0152175
0.0152152
0.0152129
0.0152106
0.0152084
0.0152063
0.0152042
0.0152022
0.0152002
0.0151983
0.0151964
0.0151946
0.0151928
0.015191
0.0151893
0.0151876
0.015186
0.0151844
0.0151829
0.0151814
0.0151799
0.0151785
0.0151771
0.0151757
0.0151743
0.015173
0.0151717
0.0151705
0.0151692
0.015168
0.0151668
0.0151657
0.0151646
0.0151635
0.0151624
0.0151613
0.0151603
0.0151592
0.0151582
0.0151572
0.0151563
0.0151553
0.0151544
0.0151535
0.0151526
0.0151517
0.0151508
0.0151499
0.0151491
0.0151483
0.0151475
0.0151466
0.0151459
0.0151451
0.0151443
0.0151435
0.0151428
0.0151421
0.0151413
0.0151406
0.0151399
0.0151392
0.0151385
0.0151379
0.0151372
