0.0281202
0.0282793
0.0283437
0.0283909
0.028424
0.0284458
0.0284591
0.0284659
0.028468
0.0284665
0.0284624
0.0284564
0.0284489
0.0284402
0.0284308
0.0284207
0.0284101
0.0283991
0.0283878
0.0283763
0.0283645
0.0283526
0.0283406
0.0283285
0.0283163
0.028304
0.0282917
0.0282793
0.0282669
0.0282545
0.0282421
0.0282296
0.0282172
0.0282047
0.0281922
0.0281797
0.0281672
0.0281547
0.0281422
0.0281297
0.0281172
0.0281047
0.0280923
0.0280798
0.0280673
0.0280548
0.0280424
0.0280299
0.0280175
0.028005
0.0279926
0.0279802
0.0279678
0.0279553
0.0279429
0.0279305
0.0279182
0.0279058
0.0278934
0.027881
0.0278687
0.0278563
0.027844
0.0278317
0.0278194
0.0278071
0.0277948
0.0277825
0.0277702
0.0277579
0.0277457
0.0277334
0.0277212
0.0277089
0.0276967
0.0276845
0.0276723
0.0276601
0.027648
0.0276358
0.0276236
0.0276115
0.0275994
0.0275873
0.0275751
0.0275631
0.027551
0.0275389
0.0275268
0.0275148
0.0275028
0.0274907
0.0274787
0.0274667
0.0274547
0.0274428
0.0274308
0.0274189
0.0274069
0.027395
