0.101453
0.0989472
0.098939
0.0989305
0.0989216
0.0989125
0.098903
0.0988931
0.0988828
0.0988721
0.098861
0.0988494
0.0988374
0.0988249
0.0988118
0.0987982
0.098784
0.0987693
0.0987539
0.0987378
0.0987211
0.0987036
0.0986854
0.0986665
0.0986467
0.098626
0.0986045
0.098582
0.0985586
0.0985342
0.0985087
0.098482
0.0984543
0.0984253
0.098395
0.0983635
0.0983305
0.0982961
0.0982602
0.0982227
0.0981835
0.0981426
0.0980999
0.0980553
0.0980087
0.09796
0.0979091
0.097856
0.0978004
0.0977423
0.0976816
0.0976181
0.0975518
0.0974824
0.0974098
0.0973339
0.0972545
0.0971714
0.0970846
0.0969937
0.0968987
0.0967992
0.0966952
0.0965865
0.0964727
0.0963538
0.0962294
0.0960994
0.0959636
0.0958217
0.0956735
0.0955188
0.0953574
0.095189
0.0950134
0.0948304
0.0946399
0.0944416
0.0942353
0.0940209
0.0937982
0.093567
0.0933273
0.0930788
0.0928215
0.0925552
0.09228
0.0919957
0.0917023
0.0913998
0.0910881
0.0907672
0.0904373
0.0900982
0.0897501
0.0893931
0.0890272
0.0886526
0.0882694
0.0878777
