0.0216173
0.0216353
0.0216465
0.0216559
0.0216637
0.0216699
0.0216747
0.0216784
0.0216813
0.0216836
0.0216855
0.021687
0.0216883
0.0216895
0.0216905
0.0216913
0.0216921
0.0216928
0.0216935
0.021694
0.0216946
0.021695
0.0216955
0.0216958
0.0216962
0.0216965
0.0216968
0.021697
0.0216973
0.0216975
0.0216976
0.0216978
0.0216979
0.0216981
0.0216982
0.0216982
0.0216983
0.0216984
0.0216984
0.0216985
0.0216985
0.0216985
0.0216985
0.0216985
0.0216984
0.0216984
0.0216984
0.0216983
0.0216983
0.0216982
0.0216981
0.0216981
0.021698
0.0216979
0.0216978
0.0216977
0.0216975
0.0216974
0.0216973
0.0216972
0.021697
0.0216969
0.0216967
0.0216966
0.0216964
0.0216962
0.021696
0.0216959
0.0216957
0.0216955
0.0216953
0.0216951
0.0216948
0.0216946
0.0216944
0.0216942
0.0216939
0.0216937
0.0216935
0.0216932
0.021693
0.0216927
0.0216924
0.0216922
0.0216919
0.0216916
0.0216914
0.0216911
0.0216908
0.0216905
0.0216902
0.0216899
0.0216896
0.0216893
0.021689
0.0216886
0.0216883
0.021688
0.0216877
0.0216873
