0.0205104
0.0205269
0.0205417
0.020553
0.0205612
0.0205672
0.0205714
0.0205743
0.0205764
0.0205777
0.0205786
0.0205792
0.0205796
0.0205797
0.0205797
0.0205795
0.0205792
0.0205789
0.0205784
0.0205779
0.0205774
0.0205768
0.0205761
0.0205754
0.0205747
0.020574
0.0205732
0.0205724
0.0205716
0.0205708
0.02057
0.0205692
0.0205684
0.0205675
0.0205667
0.0205658
0.020565
0.0205641
0.0205633
0.0205624
0.0205616
0.0205607
0.0205599
0.020559
0.0205582
0.0205573
0.0205565
0.0205557
0.0205548
0.020554
0.0205532
0.0205523
0.0205515
0.0205507
0.0205499
0.020549
0.0205482
0.0205474
0.0205466
0.0205458
0.020545
0.0205442
0.0205434
0.0205426
0.0205418
0.020541
0.0205402
0.0205394
0.0205387
0.0205379
0.0205371
0.0205363
0.0205355
0.0205348
0.020534
0.0205332
0.0205325
0.0205317
0.0205309
0.0205302
0.0205294
0.0205287
0.0205279
0.0205272
0.0205264
0.0205257
0.0205249
0.0205242
0.0205234
0.0205227
0.0205219
0.0205212
0.0205205
0.0205197
0.020519
0.0205183
0.0205175
0.0205168
0.0205161
0.0205154
