0.0483701
0.0484019
0.0483906
0.0483736
0.0483522
0.0483274
0.0483001
0.048271
0.0482405
0.048209
0.0481766
0.0481436
0.0481101
0.0480762
0.0480418
0.0480071
0.047972
0.0479366
0.0479008
0.0478648
0.0478284
0.0477917
0.0477548
0.0477175
0.0476799
0.0476421
0.0476039
0.0475655
0.0475268
0.0474879
0.0474487
0.0474092
0.0473695
0.0473296
0.0472894
0.047249
0.0472084
0.0471677
0.0471267
0.0470855
0.0470441
0.0470026
0.0469609
0.046919
0.046877
0.0468348
0.0467924
0.04675
0.0467073
0.0466646
0.0466217
0.0465786
0.0465355
0.0464922
0.0464488
0.0464053
0.0463616
0.0463179
0.046274
0.04623
0.0461859
0.0461418
0.0460975
0.0460531
0.0460086
0.045964
0.0459194
0.0458746
0.0458298
0.0457849
0.0457399
0.0456948
0.0456496
0.0456044
0.0455591
0.0455137
0.0454683
0.0454228
0.0453772
0.0453316
0.0452859
0.0452402
0.0451944
0.0451486
0.0451027
0.0450568
0.0450108
0.0449648
0.0449188
0.0448727
0.0448265
0.0447803
0.0447341
0.0446878
0.0446414
0.0445951
0.0445486
0.0445021
0.0444555
0.0444089
