0.0157893
0.0157712
0.0157594
0.0157515
0.0157458
0.015741
0.0157363
0.0157316
0.0157267
0.0157217
0.0157166
0.0157115
0.0157064
0.0157014
0.0156965
0.0156917
0.015687
0.0156825
0.015678
0.0156737
0.0156695
0.0156654
0.0156614
0.0156575
0.0156538
0.0156501
0.0156466
0.0156431
0.0156398
0.0156366
0.0156334
0.0156303
0.0156274
0.0156245
0.0156217
0.0156189
0.0156163
0.0156137
0.0156112
0.0156087
0.0156064
0.0156041
0.0156018
0.0155996
0.0155975
0.0155954
0.0155934
0.0155914
0.0155895
0.0155877
0.0155859
0.0155841
0.0155824
0.0155807
0.0155791
0.0155775
0.0155759
0.0155744
0.0155729
0.0155715
0.0155701
0.0155687
0.0155673
0.015566
0.0155647
0.0155635
0.0155623
0.0155611
0.0155599
0.0155587
0.0155576
0.0155565
0.0155555
0.0155544
0.0155534
0.0155524
0.0155514
0.0155504
0.0155495
0.0155485
0.0155476
0.0155467
0.0155459
0.015545
0.0155442
0.0155433
0.0155425
0.0155417
0.0155409
0.0155402
0.0155394
0.0155386
0.0155379
0.0155372
0.0155365
0.0155358
0.0155351
0.0155344
0.0155337
0.0155331
