0.0172255
0.0172469
0.0172504
0.0172464
0.0172401
0.0172335
0.0172272
0.0172213
0.0172157
0.0172103
0.017205
0.0171998
0.0171946
0.0171895
0.0171843
0.0171792
0.0171742
0.0171691
0.0171641
0.0171591
0.0171542
0.0171493
0.0171445
0.0171397
0.017135
0.0171304
0.0171258
0.0171213
0.0171168
0.0171124
0.0171081
0.0171039
0.0170997
0.0170956
0.0170915
0.0170875
0.0170836
0.0170798
0.017076
0.0170722
0.0170686
0.017065
0.0170614
0.0170579
0.0170545
0.0170511
0.0170478
0.0170445
0.0170413
0.0170382
0.0170351
0.017032
0.017029
0.017026
0.0170231
0.0170202
0.0170174
0.0170146
0.0170119
0.0170092
0.0170065
0.0170039
0.0170013
0.0169988
0.0169963
0.0169938
0.0169914
0.016989
0.0169866
0.0169843
0.016982
0.0169798
0.0169775
0.0169753
0.0169731
0.016971
0.0169689
0.0169668
0.0169647
0.0169627
0.0169607
0.0169587
0.0169567
0.0169548
0.0169529
0.016951
0.0169491
0.0169473
0.0169455
0.0169437
0.0169419
0.0169401
0.0169384
0.0169366
0.0169349
0.0169332
0.0169316
0.0169299
0.0169283
0.0169267
