0.0171271
0.0171328
0.0171362
0.017138
0.0171387
0.0171387
0.0171381
0.0171371
0.0171356
0.017134
0.0171322
0.0171303
0.0171284
0.0171264
0.0171244
0.0171224
0.0171203
0.0171183
0.0171164
0.0171144
0.0171125
0.0171106
0.0171087
0.0171068
0.017105
0.0171032
0.0171015
0.0170998
0.0170981
0.0170964
0.0170948
0.0170932
0.0170916
0.0170901
0.0170886
0.0170871
0.0170856
0.0170842
0.0170828
0.0170814
0.0170801
0.0170787
0.0170774
0.0170761
0.0170749
0.0170736
0.0170724
0.0170712
0.01707
0.0170688
0.0170677
0.0170666
0.0170655
0.0170644
0.0170633
0.0170622
0.0170612
0.0170602
0.0170592
0.0170582
0.0170572
0.0170562
0.0170552
0.0170543
0.0170534
0.0170524
0.0170515
0.0170506
0.0170497
0.0170489
0.017048
0.0170472
0.0170463
0.0170455
0.0170446
0.0170438
0.017043
0.0170422
0.0170414
0.0170407
0.0170399
0.0170391
0.0170384
0.0170376
0.0170369
0.0170361
0.0170354
0.0170347
0.017034
0.0170332
0.0170325
0.0170318
0.0170311
0.0170305
0.0170298
0.0170291
0.0170284
0.0170278
0.0170271
0.0170264
