0.0148202
0.0148214
0.0148166
0.0148116
0.014808
0.0148054
0.0148035
0.0148017
0.0147999
0.014798
0.0147959
0.0147936
0.0147911
0.0147886
0.014786
0.0147833
0.0147806
0.0147779
0.0147752
0.0147725
0.0147699
0.0147672
0.0147646
0.014762
0.0147595
0.0147569
0.0147544
0.014752
0.0147496
0.0147472
0.0147448
0.0147425
0.0147402
0.0147379
0.0147357
0.0147335
0.0147313
0.0147292
0.0147271
0.0147251
0.014723
0.014721
0.0147191
0.0147171
0.0147152
0.0147133
0.0147115
0.0147096
0.0147078
0.0147061
0.0147043
0.0147026
0.0147009
0.0146992
0.0146975
0.0146959
0.0146943
0.0146927
0.0146911
0.0146896
0.0146881
0.0146866
0.0146851
0.0146836
0.0146822
0.0146807
0.0146793
0.0146779
0.0146765
0.0146752
0.0146738
0.0146725
0.0146712
0.0146699
0.0146686
0.0146673
0.0146661
0.0146648
0.0146636
0.0146624
0.0146612
0.01466
0.0146588
0.0146577
0.0146565
0.0146554
0.0146542
0.0146531
0.014652
0.0146509
0.0146498
0.0146487
0.0146477
0.0146466
0.0146456
0.0146445
0.0146435
0.0146425
0.0146415
0.0146405
