0.0274172
0.0274733
0.0274887
0.0274979
0.0275022
0.0275032
0.0275021
0.0274994
0.0274959
0.0274917
0.027487
0.0274821
0.027477
0.0274718
0.0274664
0.027461
0.0274555
0.0274499
0.0274444
0.0274388
0.0274332
0.0274275
0.0274219
0.0274162
0.0274106
0.0274049
0.0273992
0.0273936
0.0273879
0.0273822
0.0273765
0.0273709
0.0273652
0.0273595
0.0273539
0.0273482
0.0273425
0.0273369
0.0273312
0.0273256
0.0273199
0.0273143
0.0273086
0.027303
0.0272973
0.0272917
0.0272861
0.0272805
0.0272748
0.0272692
0.0272636
0.027258
0.0272524
0.0272468
0.0272412
0.0272356
0.02723
0.0272244
0.0272189
0.0272133
0.0272077
0.0272022
0.0271966
0.027191
0.0271855
0.0271799
0.0271744
0.0271689
0.0271633
0.0271578
0.0271523
0.0271467
0.0271412
0.0271357
0.0271302
0.0271247
0.0271191
0.0271136
0.0271081
0.0271026
0.0270971
0.0270917
0.0270862
0.0270807
0.0270752
0.0270697
0.0270642
0.0270588
0.0270533
0.0270478
0.0270424
0.0270369
0.0270315
0.027026
0.0270205
0.0270151
0.0270096
0.0270042
0.0269988
0.0269933
