0.0196448
0.0196703
0.0196863
0.0196973
0.0197051
0.0197108
0.0197149
0.019718
0.0197202
0.019722
0.0197233
0.0197244
0.0197253
0.019726
0.0197266
0.0197271
0.0197275
0.0197278
0.019728
0.0197282
0.0197283
0.0197284
0.0197284
0.0197284
0.0197284
0.0197283
0.0197282
0.0197281
0.019728
0.0197279
0.0197277
0.0197275
0.0197274
0.0197272
0.019727
0.0197268
0.0197265
0.0197263
0.0197261
0.0197259
0.0197256
0.0197254
0.0197251
0.0197249
0.0197246
0.0197244
0.0197241
0.0197238
0.0197236
0.0197233
0.019723
0.0197227
0.0197225
0.0197222
0.0197219
0.0197216
0.0197213
0.019721
0.0197207
0.0197204
0.0197202
0.0197199
0.0197196
0.0197193
0.0197189
0.0197186
0.0197183
0.019718
0.0197177
0.0197174
0.0197171
0.0197168
0.0197165
0.0197161
0.0197158
0.0197155
0.0197152
0.0197149
0.0197145
0.0197142
0.0197139
0.0197136
0.0197132
0.0197129
0.0197126
0.0197123
0.0197119
0.0197116
0.0197113
0.0197109
0.0197106
0.0197103
0.0197099
0.0197096
0.0197092
0.0197089
0.0197086
0.0197082
0.0197079
0.0197075
