0.0152803
0.0153826
0.0154273
0.0156153
0.016038
0.0167637
0.0177439
0.018752
0.0195227
0.0199353
0.0200349
0.0199339
0.0197335
0.0195011
0.0192785
0.0190927
0.0189624
0.0188987
0.0189035
0.018967
0.019069
0.0191845
0.0192907
0.0193727
0.019425
0.0194505
0.0194562
0.0194505
0.0194408
0.0194322
0.0194277
0.019428
0.0194324
0.0194394
0.0194475
0.0194554
0.0194622
0.0194676
0.0194716
0.0194744
0.0194765
0.0194781
0.0194795
0.0194809
0.0194823
0.0194838
0.0194854
0.0194869
0.0194884
0.0194898
0.0194913
0.0194926
0.0194939
0.0194952
0.0194965
0.0194978
0.0194991
0.0195004
0.0195017
0.019503
0.0195043
0.0195056
0.0195069
0.0195083
0.0195096
0.0195109
0.0195123
0.0195137
0.019515
0.0195164
0.0195177
0.0195191
0.0195205
0.0195219
0.0195232
0.0195246
0.019526
0.0195273
0.0195287
0.01953
0.0195314
0.0195327
0.0195341
0.0195354
0.0195367
0.019538
0.0195393
0.0195406
0.0195419
0.0195431
0.0195444
0.0195456
0.0195468
0.019548
0.0195492
0.0195504
0.0195515
0.0195527
0.0195538
0.0195549
