0.0162483
0.016253
0.0162488
0.0162431
0.0162382
0.0162346
0.016232
0.0162303
0.0162291
0.0162282
0.0162274
0.0162267
0.016226
0.0162253
0.0162246
0.0162239
0.0162231
0.0162224
0.0162216
0.0162208
0.0162199
0.0162191
0.0162182
0.0162174
0.0162165
0.0162156
0.0162148
0.0162139
0.016213
0.0162121
0.0162112
0.0162103
0.0162094
0.0162085
0.0162076
0.0162067
0.0162058
0.0162048
0.0162039
0.016203
0.0162021
0.0162012
0.0162003
0.0161994
0.0161984
0.0161975
0.0161966
0.0161957
0.0161948
0.0161938
0.0161929
0.016192
0.0161911
0.0161902
0.0161892
0.0161883
0.0161874
0.0161865
0.0161856
0.0161846
0.0161837
0.0161828
0.0161819
0.016181
0.01618
0.0161791
0.0161782
0.0161773
0.0161763
0.0161754
0.0161745
0.0161736
0.0161727
0.0161717
0.0161708
0.0161699
0.016169
0.016168
0.0161671
0.0161662
0.0161653
0.0161644
0.0161634
0.0161625
0.0161616
0.0161607
0.0161597
0.0161588
0.0161579
0.016157
0.0161561
0.0161551
0.0161542
0.0161533
0.0161524
0.0161514
0.0161505
0.0161496
0.0161487
0.0161478
