0.0205993
0.020657
0.0206962
0.0207171
0.0207268
0.0207309
0.020732
0.0207312
0.0207287
0.0207246
0.0207187
0.0207112
0.0207022
0.020692
0.0206808
0.0206688
0.0206563
0.0206433
0.0206302
0.0206169
0.0206036
0.0205904
0.0205773
0.0205643
0.0205517
0.0205392
0.0205271
0.0205153
0.0205039
0.0204927
0.020482
0.0204716
0.0204616
0.0204519
0.0204426
0.0204337
0.0204252
0.020417
0.0204091
0.0204016
0.0203945
0.0203876
0.0203811
0.0203748
0.0203689
0.0203632
0.0203578
0.0203526
0.0203477
0.020343
0.0203385
0.0203342
0.0203301
0.0203261
0.0203223
0.0203187
0.0203152
0.0203119
0.0203086
0.0203055
0.0203025
0.0202995
0.0202967
0.0202939
0.0202912
0.0202885
0.0202859
0.0202833
0.0202807
0.0202782
0.0202757
0.0202732
0.0202707
0.0202683
0.0202658
0.0202633
0.0202608
0.0202583
0.0202558
0.0202533
0.0202508
0.0202482
0.0202456
0.020243
0.0202403
0.0202376
0.0202349
0.0202322
0.0202294
0.0202265
0.0202237
0.0202208
0.0202178
0.0202148
0.0202118
0.0202087
0.0202056
0.0202024
0.0201993
0.020196
