0.0214999
0.0196983
0.0192576
0.0190814
0.0189744
0.0188954
0.0188343
0.018787
0.0187499
0.0187205
0.0186964
0.0186761
0.0186586
0.018643
0.0186288
0.0186158
0.0186036
0.0185922
0.0185814
0.0185712
0.0185615
0.0185523
0.0185435
0.0185351
0.0185271
0.0185195
0.0185121
0.0185051
0.0184985
0.0184921
0.018486
0.0184802
0.0184746
0.0184693
0.0184642
0.0184594
0.0184548
0.0184503
0.0184462
0.0184422
0.0184384
0.0184347
0.0184313
0.018428
0.0184249
0.0184219
0.0184191
0.0184165
0.018414
0.0184116
0.0184093
0.0184072
0.0184052
0.0184033
0.0184015
0.0183998
0.0183982
0.0183967
0.0183953
0.018394
0.0183927
0.0183916
0.0183905
0.0183895
0.0183886
0.0183877
0.0183869
0.0183861
0.0183854
0.0183848
0.0183842
0.0183837
0.0183832
0.0183828
0.0183824
0.018382
0.0183817
0.0183814
0.0183812
0.018381
0.0183808
0.0183806
0.0183805
0.0183804
0.0183803
0.0183803
0.0183803
0.0183803
0.0183803
0.0183803
0.0183804
0.0183804
0.0183805
0.0183806
0.0183807
0.0183808
0.0183809
0.0183811
0.0183812
0.0183813
