0.0182331
0.0182546
0.018267
0.018275
0.0182804
0.0182842
0.0182868
0.0182886
0.0182898
0.0182907
0.0182914
0.0182918
0.0182921
0.0182922
0.0182923
0.0182922
0.0182922
0.018292
0.0182918
0.0182916
0.0182914
0.0182911
0.0182908
0.0182905
0.0182901
0.0182898
0.0182894
0.0182891
0.0182887
0.0182883
0.018288
0.0182876
0.0182872
0.0182868
0.0182864
0.018286
0.0182856
0.0182852
0.0182848
0.0182844
0.018284
0.0182836
0.0182832
0.0182828
0.0182824
0.018282
0.0182816
0.0182812
0.0182808
0.0182804
0.01828
0.0182796
0.0182792
0.0182788
0.0182784
0.018278
0.0182776
0.0182772
0.0182768
0.0182764
0.018276
0.0182756
0.0182752
0.0182748
0.0182744
0.018274
0.0182736
0.0182732
0.0182728
0.0182724
0.018272
0.0182716
0.0182712
0.0182708
0.0182704
0.01827
0.0182696
0.0182692
0.0182688
0.0182684
0.018268
0.0182676
0.0182672
0.0182668
0.0182664
0.018266
0.0182656
0.0182652
0.0182648
0.0182644
0.018264
0.0182636
0.0182632
0.0182628
0.0182624
0.018262
0.0182616
0.0182612
0.0182608
0.0182604
