0.0304791
0.0271058
0.0249663
0.0237077
0.0229574
0.0224881
0.0221745
0.0219541
0.0217971
0.0216866
0.0216107
0.0215591
0.0215238
0.0214986
0.0214795
0.0214638
0.02145
0.021437
0.0214243
0.0214116
0.0213987
0.0213858
0.0213726
0.0213594
0.021346
0.0213326
0.0213192
0.0213058
0.0212923
0.0212789
0.0212656
0.0212523
0.021239
0.0212258
0.0212126
0.0211995
0.0211865
0.0211735
0.0211605
0.0211476
0.0211348
0.021122
0.0211093
0.0210966
0.021084
0.0210714
0.0210589
0.0210464
0.021034
0.0210217
0.0210094
0.0209972
0.020985
0.0209729
0.0209609
0.0209489
0.0209369
0.0209251
0.0209133
0.0209015
0.0208898
0.0208782
0.0208667
0.0208552
0.0208437
0.0208324
0.0208211
0.0208099
0.0207987
0.0207876
0.0207766
0.0207656
0.0207547
0.0207439
0.0207332
0.0207225
0.0207119
0.0207013
0.0206909
0.0206805
0.0206701
0.0206599
0.0206497
0.0206396
0.0206296
0.0206196
0.0206097
0.0205999
0.0205901
0.0205804
0.0205708
0.0205613
0.0205519
0.0205425
0.0205332
0.0205239
0.0205148
0.0205057
0.0204966
0.0204877
