0.020706
0.01861
0.0180995
0.0179617
0.0179166
0.0178948
0.0178786
0.0178636
0.0178489
0.0178346
0.0178207
0.0178072
0.0177942
0.0177816
0.0177695
0.0177577
0.0177463
0.0177353
0.0177245
0.0177141
0.017704
0.0176942
0.0176846
0.0176754
0.0176663
0.0176576
0.0176491
0.0176408
0.0176327
0.0176249
0.0176173
0.0176099
0.0176027
0.0175957
0.0175889
0.0175822
0.0175758
0.0175695
0.0175634
0.0175574
0.0175516
0.017546
0.0175405
0.0175351
0.0175299
0.0175249
0.0175199
0.0175151
0.0175104
0.0175059
0.0175014
0.0174971
0.0174928
0.0174887
0.0174847
0.0174808
0.017477
0.0174733
0.0174696
0.0174661
0.0174626
0.0174593
0.017456
0.0174528
0.0174496
0.0174466
0.0174436
0.0174407
0.0174378
0.017435
0.0174323
0.0174296
0.017427
0.0174244
0.0174219
0.0174195
0.0174171
0.0174148
0.0174125
0.0174102
0.017408
0.0174058
0.0174037
0.0174016
0.0173996
0.0173976
0.0173956
0.0173937
0.0173918
0.0173899
0.0173881
0.0173863
0.0173845
0.0173828
0.0173811
0.0173794
0.0173777
0.0173761
0.0173745
0.0173729
