0.043706
0.0308835
0.0288754
0.0280817
0.0275449
0.0270892
0.0266736
0.0262882
0.0259304
0.0256
0.0252966
0.0250197
0.0247683
0.0245413
0.0243372
0.0241544
0.0239911
0.0238457
0.0237164
0.0236015
0.0234996
0.0234091
0.0233288
0.0232575
0.023194
0.0231375
0.0230871
0.0230421
0.0230017
0.0229655
0.0229329
0.0229034
0.0228768
0.0228526
0.0228306
0.0228105
0.0227921
0.0227752
0.0227597
0.0227454
0.0227322
0.0227199
0.0227085
0.0226979
0.022688
0.0226788
0.0226701
0.022662
0.0226544
0.0226472
0.0226404
0.0226341
0.0226281
0.0226224
0.022617
0.0226119
0.022607
0.0226024
0.0225981
0.0225939
0.02259
0.0225862
0.0225827
0.0225793
0.022576
0.0225729
0.02257
0.0225671
0.0225644
0.0225619
0.0225594
0.022557
0.0225548
0.0225526
0.0225506
0.0225486
0.0225467
0.0225449
0.0225431
0.0225414
0.0225398
0.0225383
0.0225368
0.0225354
0.022534
0.0225327
0.0225314
0.0225302
0.0225291
0.0225279
0.0225268
0.0225258
0.0225248
0.0225238
0.0225229
0.022522
0.0225211
0.0225202
0.0225194
0.0225186
