0.0183533
0.0183669
0.0183722
0.0183743
0.0183755
0.0183763
0.0183767
0.0183768
0.0183766
0.018376
0.0183752
0.0183742
0.018373
0.0183717
0.0183702
0.0183687
0.0183671
0.0183654
0.0183637
0.018362
0.0183602
0.0183584
0.0183566
0.0183548
0.018353
0.0183512
0.0183493
0.0183475
0.0183457
0.0183439
0.018342
0.0183402
0.0183384
0.0183366
0.0183348
0.018333
0.0183312
0.0183294
0.0183277
0.0183259
0.0183242
0.0183224
0.0183207
0.0183189
0.0183172
0.0183155
0.0183138
0.0183121
0.0183104
0.0183087
0.018307
0.0183054
0.0183037
0.018302
0.0183004
0.0182987
0.0182971
0.0182955
0.0182939
0.0182922
0.0182906
0.018289
0.0182874
0.0182858
0.0182843
0.0182827
0.0182811
0.0182795
0.018278
0.0182764
0.0182749
0.0182733
0.0182718
0.0182703
0.0182687
0.0182672
0.0182657
0.0182642
0.0182627
0.0182612
0.0182597
0.0182582
0.0182567
0.0182552
0.0182537
0.0182523
0.0182508
0.0182493
0.0182479
0.0182464
0.018245
0.0182435
0.0182421
0.0182406
0.0182392
0.0182378
0.0182363
0.0182349
0.0182335
0.0182321
