0.0152051
0.0152265
0.0152337
0.0152344
0.0152322
0.0152287
0.0152247
0.0152205
0.0152163
0.0152122
0.0152081
0.015204
0.0152
0.0151961
0.0151922
0.0151884
0.0151847
0.015181
0.0151774
0.0151738
0.0151703
0.0151668
0.0151634
0.01516
0.0151568
0.0151535
0.0151503
0.0151472
0.0151442
0.0151412
0.0151382
0.0151353
0.0151325
0.0151297
0.0151269
0.0151242
0.0151216
0.015119
0.0151164
0.0151139
0.0151114
0.015109
0.0151066
0.0151043
0.015102
0.0150998
0.0150975
0.0150954
0.0150932
0.0150911
0.015089
0.015087
0.015085
0.015083
0.0150811
0.0150792
0.0150773
0.0150754
0.0150736
0.0150718
0.01507
0.0150683
0.0150666
0.0150649
0.0150632
0.0150615
0.0150599
0.0150583
0.0150567
0.0150552
0.0150536
0.0150521
0.0150506
0.0150491
0.0150477
0.0150462
0.0150448
0.0150434
0.015042
0.0150406
0.0150393
0.0150379
0.0150366
0.0150353
0.015034
0.0150327
0.0150314
0.0150301
0.0150289
0.0150277
0.0150264
0.0150252
0.015024
0.0150228
0.0150217
0.0150205
0.0150193
0.0150182
0.015017
0.0150159
