0.0249286
0.0250964
0.0252326
0.0253445
0.0254268
0.0254828
0.0255186
0.0255397
0.0255506
0.0255545
0.0255536
0.0255492
0.0255424
0.0255338
0.0255238
0.0255127
0.0255008
0.0254882
0.0254751
0.0254616
0.0254477
0.0254335
0.0254191
0.0254045
0.0253897
0.0253748
0.0253598
0.0253448
0.0253296
0.0253144
0.0252992
0.0252839
0.0252686
0.0252533
0.0252379
0.0252225
0.0252072
0.0251918
0.0251764
0.025161
0.0251455
0.0251301
0.0251147
0.0250993
0.0250838
0.0250684
0.0250529
0.0250375
0.025022
0.0250066
0.0249911
0.0249757
0.0249602
0.0249447
0.0249293
0.0249138
0.0248983
0.0248828
0.0248674
0.0248519
0.0248364
0.024821
0.0248055
0.02479
0.0247746
0.0247591
0.0247436
0.0247282
0.0247127
0.0246973
0.0246819
0.0246664
0.024651
0.0246356
0.0246202
0.0246048
0.0245894
0.024574
0.0245587
0.0245433
0.024528
0.0245126
0.0244973
0.024482
0.0244667
0.0244515
0.0244362
0.024421
0.0244057
0.0243905
0.0243753
0.0243602
0.024345
0.0243299
0.0243147
0.0242996
0.0242846
0.0242695
0.0242545
0.0242395
