0.0166858
0.0166901
0.016694
0.0166986
0.0167027
0.0167053
0.0167061
0.0167051
0.0167027
0.0166993
0.016695
0.0166902
0.016685
0.0166795
0.0166739
0.0166682
0.0166625
0.0166567
0.016651
0.0166454
0.0166398
0.0166342
0.0166287
0.0166233
0.016618
0.0166127
0.0166075
0.0166024
0.0165974
0.0165925
0.0165876
0.0165828
0.0165781
0.0165735
0.0165689
0.0165645
0.0165601
0.0165557
0.0165515
0.0165473
0.0165432
0.0165391
0.0165351
0.0165312
0.0165274
0.0165236
0.0165198
0.0165162
0.0165126
0.016509
0.0165055
0.0165021
0.0164987
0.0164953
0.016492
0.0164888
0.0164856
0.0164825
0.0164794
0.0164763
0.0164733
0.0164704
0.0164674
0.0164646
0.0164617
0.0164589
0.0164561
0.0164534
0.0164507
0.0164481
0.0164455
0.0164429
0.0164403
0.0164378
0.0164353
0.0164329
0.0164304
0.016428
0.0164257
0.0164233
0.016421
0.0164187
0.0164165
0.0164142
0.016412
0.0164098
0.0164077
0.0164055
0.0164034
0.0164013
0.0163993
0.0163972
0.0163952
0.0163932
0.0163912
0.0163892
0.0163873
0.0163853
0.0163834
0.0163815
