0.0147005
0.014692
0.0146853
0.0146838
0.0146857
0.0146885
0.0146906
0.0146913
0.0146906
0.0146886
0.0146856
0.014682
0.0146779
0.0146735
0.014669
0.0146643
0.0146597
0.014655
0.0146504
0.0146458
0.0146413
0.0146369
0.0146325
0.0146283
0.014624
0.0146199
0.0146159
0.0146119
0.014608
0.0146042
0.0146005
0.0145968
0.0145932
0.0145897
0.0145863
0.014583
0.0145797
0.0145765
0.0145733
0.0145702
0.0145672
0.0145643
0.0145614
0.0145586
0.0145558
0.0145531
0.0145505
0.0145479
0.0145453
0.0145428
0.0145404
0.014538
0.0145357
0.0145334
0.0145311
0.0145289
0.0145268
0.0145246
0.0145226
0.0145205
0.0145185
0.0145165
0.0145146
0.0145127
0.0145109
0.014509
0.0145072
0.0145055
0.0145037
0.014502
0.0145004
0.0144987
0.0144971
0.0144955
0.014494
0.0144924
0.0144909
0.0144894
0.0144879
0.0144865
0.0144851
0.0144837
0.0144823
0.0144809
0.0144796
0.0144783
0.014477
0.0144757
0.0144744
0.0144732
0.0144719
0.0144707
0.0144695
0.0144683
0.0144672
0.014466
0.0144649
0.0144637
0.0144626
0.0144615
