0.0149638
0.0149611
0.0149511
0.014941
0.0149332
0.0149278
0.0149243
0.0149221
0.0149206
0.0149195
0.0149186
0.0149177
0.0149168
0.0149159
0.0149148
0.0149138
0.0149127
0.0149116
0.0149104
0.0149092
0.0149081
0.0149069
0.0149057
0.0149045
0.0149033
0.0149022
0.014901
0.0148998
0.0148987
0.0148975
0.0148964
0.0148952
0.0148941
0.014893
0.0148919
0.0148908
0.0148898
0.0148887
0.0148876
0.0148866
0.0148855
0.0148845
0.0148835
0.0148825
0.0148815
0.0148805
0.0148795
0.0148786
0.0148776
0.0148766
0.0148757
0.0148748
0.0148738
0.0148729
0.014872
0.0148711
0.0148702
0.0148693
0.0148684
0.0148676
0.0148667
0.0148659
0.014865
0.0148642
0.0148633
0.0148625
0.0148617
0.0148608
0.01486
0.0148592
0.0148584
0.0148576
0.0148568
0.014856
0.0148553
0.0148545
0.0148537
0.0148529
0.0148522
0.0148514
0.0148507
0.0148499
0.0148492
0.0148484
0.0148477
0.014847
0.0148462
0.0148455
0.0148448
0.0148441
0.0148434
0.0148427
0.0148419
0.0148412
0.0148405
0.0148398
0.0148391
0.0148385
0.0148378
0.0148371
