0.018976
0.016993
0.0168069
0.0168704
0.0169362
0.0169767
0.0169977
0.0170075
0.0170115
0.0170129
0.0170133
0.0170134
0.0170134
0.0170135
0.0170136
0.0170138
0.0170138
0.0170139
0.0170139
0.0170138
0.0170136
0.0170134
0.0170131
0.0170127
0.0170123
0.0170118
0.0170114
0.0170108
0.0170103
0.0170097
0.017009
0.0170084
0.0170077
0.017007
0.0170063
0.0170056
0.0170049
0.0170042
0.0170034
0.0170027
0.0170019
0.0170011
0.0170004
0.0169996
0.0169988
0.016998
0.0169972
0.0169964
0.0169956
0.0169947
0.0169939
0.0169931
0.0169923
0.0169915
0.0169906
0.0169898
0.0169889
0.0169881
0.0169873
0.0169864
0.0169856
0.0169847
0.0169838
0.016983
0.0169821
0.0169813
0.0169804
0.0169795
0.0169787
0.0169778
0.0169769
0.016976
0.0169751
0.0169743
0.0169734
0.0169725
0.0169716
0.0169707
0.0169698
0.0169689
0.016968
0.0169671
0.0169662
0.0169653
0.0169644
0.0169635
0.0169626
0.0169617
0.0169608
0.0169599
0.016959
0.0169581
0.0169572
0.0169563
0.0169553
0.0169544
0.0169535
0.0169526
0.0169517
0.0169507
