0.0196326
0.0196467
0.0196529
0.0196564
0.0196589
0.019661
0.0196626
0.0196638
0.0196648
0.0196656
0.0196661
0.0196666
0.0196669
0.0196671
0.0196672
0.0196673
0.0196673
0.0196673
0.0196672
0.0196671
0.019667
0.0196669
0.0196668
0.0196666
0.0196664
0.0196663
0.0196661
0.0196659
0.0196657
0.0196654
0.0196652
0.019665
0.0196648
0.0196645
0.0196643
0.019664
0.0196638
0.0196635
0.0196633
0.019663
0.0196627
0.0196625
0.0196622
0.0196619
0.0196616
0.0196613
0.019661
0.0196607
0.0196604
0.0196601
0.0196598
0.0196595
0.0196592
0.0196589
0.0196585
0.0196582
0.0196578
0.0196575
0.0196571
0.0196568
0.0196564
0.0196561
0.0196557
0.0196553
0.0196549
0.0196545
0.0196541
0.0196537
0.0196533
0.0196529
0.0196525
0.0196521
0.0196517
0.0196512
0.0196508
0.0196504
0.0196499
0.0196495
0.019649
0.0196485
0.0196481
0.0196476
0.0196471
0.0196466
0.0196461
0.0196457
0.0196452
0.0196446
0.0196441
0.0196436
0.0196431
0.0196426
0.019642
0.0196415
0.019641
0.0196404
0.0196399
0.0196393
0.0196388
0.0196382
