0.033409
0.0313855
0.0305437
0.0300661
0.0297744
0.0295861
0.0294596
0.0293716
0.0293084
0.0292616
0.0292258
0.0291974
0.0291742
0.0291546
0.0291375
0.0291223
0.0291084
0.0290955
0.0290834
0.0290719
0.0290608
0.0290501
0.0290397
0.0290296
0.0290197
0.02901
0.0290004
0.028991
0.0289817
0.0289725
0.0289635
0.0289545
0.0289457
0.0289369
0.0289282
0.0289197
0.0289111
0.0289027
0.0288944
0.0288861
0.0288779
0.0288697
0.0288617
0.0288537
0.0288457
0.0288379
0.0288301
0.0288223
0.0288147
0.028807
0.0287995
0.028792
0.0287846
0.0287772
0.0287699
0.0287626
0.0287554
0.0287482
0.0287411
0.0287341
0.0287271
0.0287201
0.0287132
0.0287064
0.0286996
0.0286928
0.0286861
0.0286794
0.0286728
0.0286662
0.0286597
0.0286532
0.0286468
0.0286404
0.028634
0.0286277
0.0286214
0.0286152
0.028609
0.0286028
0.0285967
0.0285906
0.0285845
0.0285785
0.0285725
0.0285665
0.0285606
0.0285547
0.0285488
0.028543
0.0285372
0.0285314
0.0285257
0.02852
0.0285143
0.0285086
0.028503
0.0284974
0.0284918
0.0284862
