0.0202046
0.0196446
0.019512
0.0194502
0.0194072
0.0193735
0.0193469
0.0193262
0.0193098
0.0192967
0.019286
0.019277
0.0192692
0.0192625
0.0192567
0.0192515
0.0192469
0.0192429
0.0192393
0.0192361
0.0192333
0.0192308
0.0192285
0.0192266
0.0192248
0.0192233
0.0192219
0.0192207
0.0192196
0.0192187
0.0192179
0.0192172
0.0192166
0.0192161
0.0192157
0.0192153
0.019215
0.0192148
0.0192146
0.0192145
0.0192144
0.0192143
0.0192143
0.0192144
0.0192144
0.0192145
0.0192146
0.0192147
0.0192148
0.019215
0.0192151
0.0192153
0.0192155
0.0192157
0.0192159
0.0192161
0.0192163
0.0192165
0.0192167
0.0192169
0.0192171
0.0192174
0.0192176
0.0192178
0.019218
0.0192182
0.0192184
0.0192186
0.0192188
0.019219
0.0192192
0.0192194
0.0192196
0.0192198
0.01922
0.0192201
0.0192203
0.0192204
0.0192206
0.0192207
0.0192209
0.019221
0.0192211
0.0192212
0.0192213
0.0192214
0.0192215
0.0192216
0.0192217
0.0192218
0.0192218
0.0192219
0.0192219
0.019222
0.019222
0.019222
0.0192221
0.0192221
0.0192221
0.0192221
