0.108413
0.10691
0.10498
0.101909
0.0957634
0.0834265
0.068495
0.0589938
0.0555706
0.054519
0.0540046
0.0535726
0.053129
0.0526484
0.0521185
0.0515321
0.0508862
0.0501822
0.0494261
0.0486283
0.0478038
0.0469727
0.0461579
0.0453824
0.0446651
0.0440174
0.0434423
0.042936
0.0424912
0.0420992
0.0417521
0.0414429
0.0411658
0.0409159
0.0406891
0.0404818
0.0402911
0.0401144
0.0399497
0.0397952
0.0396496
0.0395117
0.0393806
0.0392554
0.0391355
0.0390204
0.0389095
0.0388027
0.0386994
0.0385994
0.0385024
0.0384083
0.0383168
0.0382278
0.0381412
0.0380567
0.0379742
0.0378938
0.0378151
0.0377382
0.037663
0.0375894
0.0375172
0.0374466
0.0373772
0.0373093
0.0372426
0.037177
0.0371127
0.0370495
0.0369873
0.0369262
0.036866
0.0368068
0.0367485
0.0366911
0.0366346
0.0365788
0.0365238
0.0364696
0.0364161
0.0363633
0.0363112
0.0362597
0.0362089
0.0361586
0.0361089
0.0360598
0.0360113
0.0359632
0.0359156
0.0358686
0.035822
0.0357758
0.0357301
0.0356848
0.0356399
0.0355954
0.0355513
0.0355076
0.0354642
0.0354211
0.0353784
0.035336
0.035294
0.0352522
0.0352107
0.0351695
0.0351286
0.035088
0.0350476
0.0350075
0.0349676
0.034928
0.0348886
0.0348494
0.0348105
0.0347717
0.0347332
0.034695
0.0346569
0.034619
0.0345813
0.0345438
0.0345065
0.0344694
0.0344325
0.0343958
0.0343592
0.0343229
0.0342867
0.0342507
0.0342148
0.0341791
0.0341436
0.0341083
0.0340731
0.0340381
0.0340033
0.0339686
0.0339341
0.0338998
0.0338656
0.0338316
0.0337977
0.033764
0.0337305
0.0336971
0.0336639
0.0336308
0.0335979
0.0335652
0.0335326
0.0335001
0.0334678
0.0334357
0.0334037
0.0333719
0.0333402
0.0333087
0.0332773
0.0332461
0.033215
0.0331841
0.0331533
0.0331226
0.0330921
0.0330618
0.0330315
0.0330014
0.0329715
0.0329416
0.0329119
0.0328823
0.0328528
0.0328235
0.0327943
0.0327652
0.0327361
0.0327072
0.0326784
0.0326497
0.0326211
0.0325926
0.0325642
0.0325358
0.0325076
0.0324794
0.0324512
0.0324232
0.0323951
0.0323672
0.0323393
0.0323114
0.0322836
0.0322557
0.032228
0.0322002
0.0321724
0.0321447
0.0321169
0.0320891
0.0320614
0.0320335
0.0320057
0.0319778
0.0319499
0.0319219
0.0318938
0.0318657
0.0318375
0.0318092
0.0317808
0.0317524
0.0317238
0.031695
0.0316662
0.0316372
0.031608
0.0315787
0.0315493
0.0315196
0.0314898
0.0314597
0.0314295
0.031399
0.0313684
0.0313374
0.0313063
0.0312749
0.0312432
0.0312113
0.031179
0.0311465
0.0311137
0.0310806
0.0310472
0.0310134
0.0309793
0.0309449
0.0309101
0.030875
0.0308395
0.0308037
0.0307675
0.0307309
0.030694
0.0306566
0.0306189
0.0305808
0.0305423
0.0305035
0.0304642
0.0304246
0.0303846
0.0303442
0.0303034
0.0302623
0.0302208
0.030179
0.0301368
0.0300943
0.0300514
0.0300083
0.0299648
0.0299211
0.0298771
0.0298329
0.0297885
0.0297438
0.029699
0.0296539
0.0296088
0.0295635
0.0295181
0.0294727
0.0294272
0.0293816
0.0293361
0.0292906
0.0292452
0.0291998
0.0291545
0.0291093
0.0290643
0.0290195
0.0289748
0.0289303
0.0288861
0.0288421
0.0287984
0.028755
0.0287119
0.0286691
0.0286266
0.0285844
0.0285426
0.0285012
0.0284602
0.0284195
0.0283792
0.0283393
0.0282998
0.0282606
0.0282219
0.0281836
0.0281457
0.0281082
0.0280711
0.0280344
0.027998
0.0279621
0.0279266
0.0278914
0.0278567
0.0278223
0.0277883
0.0277547
0.0277214
0.0276885
0.027656
0.0276238
0.0275919
0.0275604
0.0275292
0.0274984
0.0274679
0.0274377
0.0274078
0.0273783
0.0273491
0.0273201
0.0272915
0.0272632
0.0272352
0.0272074
0.02718
0.0271528
0.027126
0.0270994
0.027073
0.027047
0.0270212
0.0269957
0.0269705
0.0269455
0.0269208
0.0268964
0.0268722
0.0268483
0.0268246
0.0268012
0.026778
0.0267551
0.0267324
0.02671
0.0266878
0.0266659
0.0266442
0.0266227
0.0266015
0.0265805
0.0265597
0.0265391
0.0265188
0.0264987
0.0264789
0.0264592
0.0264398
0.0264206
0.0264016
0.0263829
0.0263643
0.026346
0.0263278
0.0263099
0.0262922
0.0262747
0.0262573
0.0262402
0.0262233
0.0262066
0.02619
0.0261737
0.0261575
0.0261416
0.0261258
0.0261102
0.0260948
0.0260795
0.0260645
0.0260496
0.0260349
0.0260203
0.0260059
0.0259917
0.0259777
0.0259638
0.0259501
0.0259365
0.0259231
0.0259098
0.0258967
0.0258838
0.025871
0.0258583
0.0258458
0.0258334
0.0258212
0.0258091
0.0257972
0.0257853
0.0257736
0.0257621
0.0257507
0.0257394
0.0257282
0.0257171
0.0257062
0.0256954
0.0256847
0.0256741
0.0256637
0.0256533
0.0256431
0.025633
0.025623
0.0256131
0.0256033
0.0255936
0.025584
0.0255745
0.0255651
0.0255558
0.0255466
0.0255375
0.0255285
0.0255196
0.0255108
0.025502
0.0254934
0.0254848
0.0254763
0.025468
0.0254596
0.0254514
0.0254433
0.0254352
0.0254272
0.0254193
0.0254115
0.0254037
0.025396
0.0253884
0.0253809
0.0253734
0.025366
0.0253587
0.0253514
0.0253442
0.0253371
0.02533
0.025323
0.0253161
0.0253092
0.0253024
0.0252956
0.0252889
0.0252823
0.0252757
0.0252692
0.0252627
0.0252563
0.0252499
0.0252436
0.0252373
0.0252311
0.025225
0.0252189
0.0252128
0.0252068
0.0252008
0.0251949
0.0251891
0.0251833
0.0251775
0.0251718
0.0251661
0.0251604
0.0251548
0.0251493
0.0251438
0.0251383
0.0251329
0.0251275
0.0251221
0.0251168
0.0251116
0.0251063
0.0251011
