0.0217876
0.0215012
0.0214558
0.0214203
0.0213903
0.0213637
0.0213392
0.0213163
0.0212947
0.021274
0.0212544
0.0212355
0.0212175
0.0212003
0.0211837
0.0211678
0.0211526
0.021138
0.021124
0.0211105
0.0210976
0.0210852
0.0210733
0.0210619
0.0210509
0.0210403
0.0210302
0.0210204
0.021011
0.021002
0.0209933
0.0209849
0.0209768
0.020969
0.0209615
0.0209543
0.0209474
0.0209406
0.0209342
0.0209279
0.0209218
0.020916
0.0209104
0.0209049
0.0208996
0.0208945
0.0208896
0.0208848
0.0208802
0.0208757
0.0208714
0.0208672
0.0208631
0.0208592
0.0208553
0.0208516
0.020848
0.0208445
0.0208411
0.0208378
0.0208346
0.0208315
0.0208285
0.0208256
0.0208227
0.0208199
0.0208172
0.0208146
0.020812
0.0208096
0.0208071
0.0208048
0.0208025
0.0208002
0.0207981
0.0207959
0.0207939
0.0207918
0.0207899
0.020788
0.0207861
0.0207843
0.0207825
0.0207807
0.020779
0.0207774
0.0207757
0.0207741
0.0207726
0.0207711
0.0207696
0.0207681
0.0207667
0.0207653
0.020764
0.0207626
0.0207613
0.02076
0.0207588
0.0207576
0.0207563
0.0207552
0.020754
0.0207529
0.0207517
0.0207506
0.0207496
0.0207485
0.0207475
0.0207464
0.0207454
0.0207444
0.0207435
0.0207425
0.0207416
0.0207406
0.0207397
0.0207388
0.0207379
0.020737
0.0207362
0.0207353
0.0207345
0.0207337
0.0207328
0.020732
0.0207312
0.0207304
0.0207297
0.0207289
0.0207281
0.0207274
0.0207266
0.0207259
0.0207251
0.0207244
0.0207237
0.020723
0.0207223
0.0207216
0.0207209
0.0207202
0.0207195
0.0207188
0.0207181
0.0207175
0.0207168
0.0207162
0.0207155
0.0207148
0.0207142
0.0207136
0.0207129
0.0207123
0.0207116
0.020711
0.0207104
0.0207098
0.0207091
0.0207085
0.0207079
0.0207073
0.0207067
0.020706
0.0207054
0.0207048
0.0207042
0.0207036
0.020703
0.0207024
0.0207018
0.0207012
0.0207006
0.0207
0.0206994
0.0206988
0.0206982
0.0206976
0.020697
0.0206964
0.0206958
0.0206952
0.0206946
0.020694
0.0206934
0.0206928
0.0206922
0.0206916
0.020691
0.0206904
0.0206898
0.0206892
0.0206885
0.0206879
0.0206873
0.0206867
0.0206861
0.0206855
0.0206849
0.0206843
0.0206837
0.020683
0.0206824
0.0206818
0.0206812
0.0206806
0.0206799
0.0206793
0.0206787
0.0206781
0.0206774
0.0206768
0.0206762
0.0206755
0.0206749
0.0206742
0.0206736
0.020673
0.0206723
0.0206717
0.020671
0.0206703
0.0206697
0.020669
0.0206684
0.0206677
0.020667
0.0206664
0.0206657
0.020665
0.0206643
0.0206637
0.020663
0.0206623
0.0206616
0.0206609
0.0206602
0.0206595
0.0206588
0.0206581
0.0206574
0.0206567
0.020656
0.0206553
0.0206545
0.0206538
0.0206531
0.0206524
0.0206516
0.0206509
0.0206501
0.0206494
0.0206487
0.0206479
0.0206471
0.0206464
0.0206456
0.0206449
0.0206441
0.0206433
0.0206426
0.0206418
0.020641
0.0206402
0.0206394
0.0206386
0.0206378
0.020637
0.0206362
0.0206354
0.0206346
0.0206338
0.020633
0.0206321
0.0206313
0.0206305
0.0206297
0.0206288
0.020628
0.0206271
0.0206263
0.0206254
0.0206246
0.0206237
0.0206228
0.020622
0.0206211
0.0206202
0.0206193
0.0206184
0.0206176
0.0206167
0.0206158
0.0206149
0.020614
0.020613
0.0206121
0.0206112
0.0206103
0.0206094
0.0206084
0.0206075
0.0206066
0.0206056
0.0206047
0.0206037
0.0206028
0.0206018
0.0206009
0.0205999
0.0205989
0.020598
0.020597
0.020596
0.020595
0.020594
0.020593
0.020592
0.020591
0.02059
0.020589
0.020588
0.020587
0.020586
0.020585
0.020584
0.0205829
0.0205819
0.0205809
0.0205798
0.0205788
0.0205778
0.0205767
0.0205757
0.0205746
0.0205736
0.0205725
0.0205714
0.0205704
0.0205693
0.0205683
0.0205672
0.0205661
0.020565
0.020564
0.0205629
0.0205618
0.0205607
0.0205596
0.0205585
0.0205574
0.0205563
0.0205552
0.0205541
0.020553
0.0205519
0.0205508
0.0205497
0.0205486
0.0205475
0.0205464
0.0205453
0.0205442
0.0205431
0.020542
0.0205408
0.0205397
0.0205386
0.0205375
0.0205364
0.0205353
0.0205341
0.020533
0.0205319
0.0205308
0.0205296
0.0205285
0.0205274
0.0205263
0.0205252
0.020524
0.0205229
0.0205218
0.0205207
0.0205195
0.0205184
0.0205173
0.0205162
0.020515
0.0205139
0.0205128
0.0205117
0.0205105
0.0205094
0.0205083
0.0205072
0.0205061
0.020505
0.0205038
0.0205027
0.0205016
0.0205005
0.0204994
0.0204983
0.0204972
0.020496
0.0204949
0.0204938
0.0204927
0.0204916
0.0204905
0.0204894
0.0204883
0.0204872
0.0204861
0.020485
0.0204839
0.0204828
0.0204817
0.0204806
0.0204795
0.0204785
0.0204774
0.0204763
0.0204752
0.0204741
0.020473
0.020472
0.0204709
0.0204698
0.0204687
0.0204677
0.0204666
0.0204655
0.0204644
0.0204634
0.0204623
0.0204612
0.0204602
0.0204591
0.0204581
0.020457
0.020456
0.0204549
0.0204538
0.0204528
0.0204517
0.0204507
0.0204497
0.0204486
0.0204476
0.0204465
0.0204455
0.0204445
0.0204434
0.0204424
0.0204414
0.0204403
0.0204393
0.0204383
0.0204372
0.0204362
0.0204352
0.0204342
0.0204332
0.0204321
0.0204311
0.0204301
0.0204291
0.0204281
0.0204271
0.0204261
0.0204251
0.0204241
0.020423
0.020422
0.020421
0.0204201
0.0204191
0.0204181
0.0204171
0.0204161
0.0204151
0.0204141
0.0204131
0.0204121
0.0204111
0.0204102
0.0204092
0.0204082
0.0204072
0.0204063
0.0204053
0.0204043
0.0204033
0.0204024
0.0204014
0.0204004
0.0203995
0.0203985
