0.0255241
0.0245187
0.0243872
0.0242817
0.0241895
0.0241072
0.0240332
0.0239663
0.0239059
0.0238514
0.0238023
0.0237581
0.0237184
0.0236826
0.0236502
0.0236209
0.023594
0.0235694
0.0235466
0.0235253
0.0235053
0.0234865
0.0234686
0.0234514
0.023435
0.0234192
0.0234039
0.023389
0.0233746
0.0233605
0.0233467
0.0233333
0.0233201
0.0233072
0.0232945
0.0232821
0.0232698
0.0232578
0.0232459
0.0232342
0.0232227
0.0232114
0.0232002
0.0231891
0.0231782
0.0231675
0.0231569
0.0231464
0.023136
0.0231258
0.0231156
0.0231056
0.0230957
0.023086
0.0230763
0.0230667
0.0230573
0.0230479
0.0230386
0.0230295
0.0230204
0.0230114
0.0230025
0.0229937
0.022985
0.0229763
0.0229677
0.0229593
0.0229509
0.0229425
0.0229343
0.0229261
0.022918
0.0229099
0.022902
0.0228941
0.0228862
0.0228785
0.0228707
0.0228631
0.0228555
0.022848
0.0228405
0.0228331
0.0228258
0.0228185
0.0228112
0.022804
0.0227969
0.0227898
0.0227828
0.0227758
0.0227689
0.022762
0.0227552
0.0227484
0.0227416
0.0227349
0.0227283
0.0227217
0.0227151
0.0227086
0.0227021
0.0226957
0.0226893
0.0226829
0.0226766
0.0226703
0.022664
0.0226578
0.0226516
0.0226455
0.0226394
0.0226333
0.0226273
0.0226213
0.0226153
0.0226094
0.0226035
0.0225976
0.0225918
0.022586
0.0225802
0.0225745
0.0225688
0.0225631
0.0225574
0.0225518
0.0225462
0.0225406
0.0225351
0.0225295
0.022524
0.0225186
0.0225131
0.0225077
0.0225023
0.022497
0.0224916
0.0224863
0.022481
0.0224757
0.0224705
0.0224653
0.0224601
0.0224549
0.0224497
0.0224446
0.0224395
0.0224344
0.0224293
0.0224243
0.0224192
0.0224142
0.0224092
0.0224043
0.0223993
0.0223944
0.0223895
0.0223846
0.0223797
0.0223749
0.02237
0.0223652
0.0223604
0.0223556
0.0223509
0.0223461
0.0223414
0.0223367
0.022332
0.0223273
0.0223226
0.022318
0.0223133
0.0223087
0.0223041
0.0222995
0.022295
0.0222904
0.0222859
0.0222813
0.0222768
0.0222723
0.0222679
0.0222634
0.0222589
0.0222545
0.0222501
0.0222457
0.0222413
0.0222369
0.0222325
0.0222282
0.0222238
0.0222195
0.0222152
0.0222108
0.0222066
0.0222023
0.022198
0.0221937
0.0221895
0.0221853
0.0221811
0.0221768
0.0221726
0.0221685
0.0221643
0.0221601
0.022156
0.0221518
0.0221477
0.0221436
0.0221395
0.0221354
0.0221313
0.0221272
0.0221232
0.0221191
0.0221151
0.022111
0.022107
0.022103
0.022099
0.022095
0.022091
0.0220871
0.0220831
0.0220792
0.0220752
0.0220713
0.0220674
0.0220635
0.0220595
0.0220557
0.0220518
0.0220479
0.022044
0.0220402
0.0220363
0.0220325
0.0220287
0.0220248
0.022021
0.0220172
0.0220134
0.0220096
0.0220059
0.0220021
0.0219983
0.0219946
0.0219908
0.0219871
0.0219834
0.0219797
0.021976
0.0219723
0.0219686
0.0219649
0.0219612
0.0219575
0.0219539
0.0219502
0.0219466
0.0219429
0.0219393
0.0219357
0.0219321
0.0219284
0.0219248
0.0219213
0.0219177
0.0219141
0.0219105
0.021907
0.0219034
0.0218999
0.0218963
0.0218928
0.0218893
0.0218857
0.0218822
0.0218787
0.0218752
0.0218717
0.0218682
0.0218648
0.0218613
0.0218578
0.0218544
0.0218509
0.0218475
0.0218441
0.0218406
0.0218372
0.0218338
0.0218304
0.021827
0.0218236
0.0218202
0.0218168
0.0218134
0.0218101
0.0218067
0.0218033
0.0218
0.0217966
0.0217933
0.02179
0.0217867
0.0217833
0.02178
0.0217767
0.0217734
0.0217701
0.0217668
0.0217636
0.0217603
0.021757
0.0217537
0.0217505
0.0217472
0.021744
0.0217407
0.0217375
0.0217343
0.0217311
0.0217279
0.0217246
0.0217214
0.0217182
0.021715
0.0217119
0.0217087
0.0217055
0.0217023
0.0216992
0.021696
0.0216929
0.0216897
0.0216866
0.0216834
0.0216803
0.0216772
0.0216741
0.021671
0.0216679
0.0216647
0.0216617
0.0216586
0.0216555
0.0216524
0.0216493
0.0216463
0.0216432
0.0216401
0.0216371
0.021634
0.021631
0.021628
0.0216249
0.0216219
0.0216189
0.0216159
0.0216129
0.0216098
0.0216068
0.0216039
0.0216009
0.0215979
0.0215949
0.0215919
0.021589
0.021586
0.021583
0.0215801
0.0215771
0.0215742
0.0215713
0.0215683
0.0215654
0.0215625
0.0215595
0.0215566
0.0215537
0.0215508
0.0215479
0.021545
0.0215421
0.0215393
0.0215364
0.0215335
0.0215306
0.0215278
0.0215249
0.0215221
0.0215192
0.0215164
0.0215135
0.0215107
0.0215079
0.021505
0.0215022
0.0214994
0.0214966
0.0214938
0.021491
0.0214882
0.0214854
0.0214826
0.0214798
0.021477
0.0214743
0.0214715
0.0214687
0.021466
0.0214632
0.0214605
0.0214577
0.021455
0.0214523
0.0214495
0.0214468
0.0214441
0.0214414
0.0214386
0.0214359
0.0214332
0.0214305
0.0214278
0.0214251
0.0214225
0.0214198
0.0214171
0.0214144
0.0214118
0.0214091
0.0214064
0.0214038
0.0214011
0.0213985
0.0213958
0.0213932
0.0213906
0.0213879
0.0213853
0.0213827
0.0213801
0.0213775
0.0213748
0.0213722
0.0213696
0.021367
0.0213645
0.0213619
0.0213593
0.0213567
0.0213541
0.0213516
0.021349
0.0213464
0.0213439
0.0213413
0.0213388
0.0213362
0.0213337
0.0213312
0.0213286
0.0213261
0.0213236
0.0213211
0.0213185
0.021316
0.0213135
0.021311
0.0213085
0.021306
0.0213035
0.021301
0.0212986
0.0212961
0.0212936
0.0212911
0.0212887
0.0212862
0.0212837
0.0212813
0.0212788
0.0212764
0.0212739
0.0212715
0.0212691
0.0212666
0.0212642
0.0212618
0.0212594
0.021257
0.0212545
0.0212521
