0.0225473
0.0221142
0.0220485
0.0219926
0.0219434
0.0218992
0.0218589
0.0218218
0.0217873
0.021755
0.0217247
0.0216961
0.0216692
0.0216437
0.0216195
0.0215965
0.0215748
0.0215541
0.0215344
0.0215157
0.0214978
0.0214808
0.0214645
0.021449
0.0214341
0.0214198
0.0214061
0.0213929
0.0213803
0.0213681
0.0213563
0.0213449
0.021334
0.0213234
0.0213131
0.0213031
0.0212934
0.021284
0.0212749
0.021266
0.0212573
0.0212489
0.0212407
0.0212327
0.0212248
0.0212172
0.0212097
0.0212024
0.0211953
0.0211883
0.0211815
0.0211748
0.0211683
0.0211618
0.0211556
0.0211494
0.0211434
0.0211374
0.0211316
0.0211259
0.0211203
0.0211148
0.0211094
0.0211041
0.0210989
0.0210938
0.0210888
0.0210839
0.021079
0.0210742
0.0210695
0.0210649
0.0210604
0.0210559
0.0210515
0.0210472
0.0210429
0.0210387
0.0210346
0.0210305
0.0210265
0.0210226
0.0210187
0.0210148
0.0210111
0.0210073
0.0210037
0.0210001
0.0209965
0.020993
0.0209895
0.0209861
0.0209827
0.0209794
0.0209761
0.0209729
0.0209696
0.0209665
0.0209634
0.0209603
0.0209572
0.0209542
0.0209513
0.0209483
0.0209454
0.0209426
0.0209397
0.0209369
0.0209342
0.0209314
0.0209287
0.0209261
0.0209234
0.0209208
0.0209182
0.0209156
0.0209131
0.0209106
0.0209081
0.0209057
0.0209032
0.0209008
0.0208985
0.0208961
0.0208938
0.0208914
0.0208891
0.0208869
0.0208846
0.0208824
0.0208802
0.020878
0.0208758
0.0208737
0.0208716
0.0208694
0.0208673
0.0208653
0.0208632
0.0208612
0.0208591
0.0208571
0.0208551
0.0208532
0.0208512
0.0208493
0.0208473
0.0208454
0.0208435
0.0208416
0.0208397
0.0208379
0.020836
0.0208342
0.0208324
0.0208306
0.0208288
0.020827
0.0208252
0.0208235
0.0208217
0.02082
0.0208182
0.0208165
0.0208148
0.0208131
0.0208114
0.0208098
0.0208081
0.0208065
0.0208048
0.0208032
0.0208016
0.0207999
0.0207983
0.0207967
0.0207952
0.0207936
0.020792
0.0207905
0.0207889
0.0207874
0.0207858
0.0207843
0.0207828
0.0207813
0.0207798
0.0207783
0.0207768
0.0207753
0.0207738
0.0207724
0.0207709
0.0207694
0.020768
0.0207666
0.0207651
0.0207637
0.0207623
0.0207609
0.0207595
0.0207581
0.0207567
0.0207553
0.0207539
0.0207525
0.0207512
0.0207498
0.0207484
0.0207471
0.0207457
0.0207444
0.0207431
0.0207417
0.0207404
0.0207391
0.0207378
0.0207365
0.0207352
0.0207339
0.0207326
0.0207313
0.02073
0.0207287
0.0207274
0.0207262
0.0207249
0.0207236
0.0207224
0.0207211
0.0207199
0.0207186
0.0207174
0.0207162
0.0207149
0.0207137
0.0207125
0.0207113
0.0207101
0.0207089
0.0207077
0.0207065
0.0207053
0.0207041
0.0207029
0.0207017
0.0207005
0.0206993
0.0206982
0.020697
0.0206958
0.0206947
0.0206935
0.0206923
0.0206912
0.02069
0.0206889
0.0206878
0.0206866
0.0206855
0.0206844
0.0206832
0.0206821
0.020681
0.0206799
0.0206787
0.0206776
0.0206765
0.0206754
0.0206743
0.0206732
0.0206721
0.020671
0.0206699
0.0206689
0.0206678
0.0206667
0.0206656
0.0206645
0.0206635
0.0206624
0.0206613
0.0206603
0.0206592
0.0206582
0.0206571
0.020656
0.020655
0.020654
0.0206529
0.0206519
0.0206508
0.0206498
0.0206488
0.0206477
0.0206467
0.0206457
0.0206446
0.0206436
0.0206426
0.0206416
0.0206406
0.0206396
0.0206386
0.0206376
0.0206366
0.0206356
0.0206346
0.0206336
0.0206326
0.0206316
0.0206306
0.0206296
0.0206286
0.0206276
0.0206267
0.0206257
0.0206247
0.0206237
0.0206228
0.0206218
0.0206208
0.0206199
0.0206189
0.0206179
0.020617
0.020616
0.0206151
0.0206141
0.0206132
0.0206122
0.0206113
0.0206103
0.0206094
0.0206085
0.0206075
0.0206066
0.0206057
0.0206047
0.0206038
0.0206029
0.0206019
0.020601
0.0206001
0.0205992
0.0205983
0.0205973
0.0205964
0.0205955
0.0205946
0.0205937
0.0205928
0.0205919
0.020591
0.0205901
0.0205892
0.0205883
0.0205874
0.0205865
0.0205856
0.0205847
0.0205838
0.020583
0.0205821
0.0205812
0.0205803
0.0205794
0.0205785
0.0205777
0.0205768
0.0205759
0.0205751
0.0205742
0.0205733
0.0205725
0.0205716
0.0205707
0.0205699
0.020569
0.0205681
0.0205673
0.0205664
0.0205656
0.0205647
0.0205639
0.020563
0.0205622
0.0205613
0.0205605
0.0205597
0.0205588
0.020558
0.0205571
0.0205563
0.0205555
0.0205546
0.0205538
0.020553
0.0205521
0.0205513
0.0205505
0.0205497
0.0205489
0.020548
0.0205472
0.0205464
0.0205456
0.0205448
0.0205439
0.0205431
0.0205423
0.0205415
0.0205407
0.0205399
0.0205391
0.0205383
0.0205375
0.0205367
0.0205359
0.0205351
0.0205343
0.0205335
0.0205327
0.0205319
0.0205311
0.0205303
0.0205295
0.0205287
0.0205279
0.0205272
0.0205264
0.0205256
0.0205248
0.020524
0.0205232
0.0205225
0.0205217
0.0205209
0.0205201
0.0205194
0.0205186
0.0205178
0.020517
0.0205163
0.0205155
0.0205147
0.020514
0.0205132
0.0205124
0.0205117
0.0205109
0.0205102
0.0205094
0.0205086
0.0205079
0.0205071
0.0205064
0.0205056
0.0205049
0.0205041
0.0205034
0.0205026
0.0205019
0.0205011
0.0205004
0.0204996
0.0204989
0.0204982
0.0204974
0.0204967
0.0204959
0.0204952
0.0204945
0.0204937
0.020493
0.0204922
0.0204915
0.0204908
0.02049
0.0204893
0.0204886
0.0204879
0.0204871
0.0204864
0.0204857
0.020485
0.0204842
0.0204835
0.0204828
0.0204821
0.0204813
0.0204806
0.0204799
0.0204792
0.0204785
0.0204778
0.020477
0.0204763
0.0204756
0.0204749
