0.0219835
0.0217412
0.0217039
0.0216812
0.0216617
0.0216441
0.0216278
0.0216127
0.0215986
0.0215854
0.021573
0.0215615
0.0215506
0.0215405
0.0215309
0.021522
0.0215136
0.0215056
0.0214982
0.0214912
0.0214846
0.0214784
0.0214726
0.0214671
0.0214619
0.021457
0.0214524
0.021448
0.0214439
0.02144
0.0214363
0.0214327
0.0214294
0.0214262
0.0214232
0.0214203
0.0214176
0.021415
0.0214125
0.0214101
0.0214078
0.0214056
0.0214035
0.0214015
0.0213995
0.0213976
0.0213958
0.0213941
0.0213924
0.0213908
0.0213892
0.0213877
0.0213862
0.0213847
0.0213833
0.0213819
0.0213806
0.0213793
0.021378
0.0213768
0.0213755
0.0213744
0.0213732
0.021372
0.0213709
0.0213698
0.0213687
0.0213676
0.0213666
0.0213655
0.0213645
0.0213635
0.0213625
0.0213615
0.0213605
0.0213596
0.0213586
0.0213577
0.0213567
0.0213558
0.0213549
0.021354
0.0213531
0.0213522
0.0213513
0.0213504
0.0213495
0.0213486
0.0213478
0.0213469
0.0213461
0.0213452
0.0213444
0.0213435
0.0213427
0.0213419
0.0213411
0.0213402
0.0213394
0.0213386
0.0213378
0.021337
0.0213362
0.0213354
0.0213346
0.0213338
0.021333
0.0213322
0.0213314
0.0213307
0.0213299
0.0213291
0.0213283
0.0213276
0.0213268
0.021326
0.0213253
0.0213245
0.0213238
0.021323
0.0213223
0.0213215
0.0213208
0.02132
0.0213193
0.0213185
0.0213178
0.021317
0.0213163
0.0213156
0.0213149
0.0213141
0.0213134
0.0213127
0.0213119
0.0213112
0.0213105
0.0213098
0.0213091
0.0213084
0.0213077
0.0213069
0.0213062
0.0213055
0.0213048
0.0213041
0.0213034
0.0213027
0.021302
0.0213013
0.0213007
0.0213
0.0212993
0.0212986
0.0212979
0.0212972
0.0212965
0.0212959
0.0212952
0.0212945
0.0212938
0.0212932
0.0212925
0.0212918
0.0212912
0.0212905
0.0212898
0.0212892
0.0212885
0.0212878
0.0212872
0.0212865
0.0212859
0.0212852
0.0212846
0.0212839
0.0212833
0.0212826
0.021282
0.0212814
0.0212807
0.0212801
0.0212794
0.0212788
0.0212782
0.0212775
0.0212769
0.0212763
0.0212757
0.021275
0.0212744
0.0212738
0.0212732
0.0212726
0.0212719
0.0212713
0.0212707
0.0212701
0.0212695
0.0212689
0.0212683
0.0212677
0.0212671
0.0212665
0.0212659
0.0212653
0.0212647
0.0212641
0.0212635
0.0212629
0.0212623
0.0212617
0.0212611
0.0212605
0.02126
0.0212594
0.0212588
0.0212582
0.0212576
0.0212571
0.0212565
0.0212559
0.0212553
0.0212548
0.0212542
0.0212536
0.0212531
0.0212525
0.0212519
0.0212514
0.0212508
0.0212503
0.0212497
0.0212492
0.0212486
0.021248
0.0212475
0.0212469
0.0212464
0.0212459
0.0212453
0.0212448
0.0212442
0.0212437
0.0212431
0.0212426
0.0212421
0.0212415
0.021241
0.0212405
0.02124
0.0212394
0.0212389
0.0212384
0.0212378
0.0212373
0.0212368
0.0212363
0.0212358
0.0212353
0.0212347
0.0212342
0.0212337
0.0212332
0.0212327
0.0212322
0.0212317
0.0212312
0.0212307
0.0212302
0.0212297
0.0212292
0.0212287
0.0212282
0.0212277
0.0212272
0.0212267
0.0212262
0.0212257
0.0212252
0.0212247
0.0212242
0.0212238
0.0212233
0.0212228
0.0212223
0.0212218
0.0212214
0.0212209
0.0212204
0.0212199
0.0212195
0.021219
0.0212185
0.0212181
0.0212176
0.0212171
0.0212167
0.0212162
0.0212157
0.0212153
0.0212148
0.0212144
0.0212139
0.0212134
0.021213
0.0212125
0.0212121
0.0212116
0.0212112
0.0212107
0.0212103
0.0212098
0.0212094
0.021209
0.0212085
0.0212081
0.0212076
0.0212072
0.0212068
0.0212063
0.0212059
0.0212055
0.021205
0.0212046
0.0212042
0.0212038
0.0212033
0.0212029
0.0212025
0.0212021
0.0212016
0.0212012
0.0212008
0.0212004
0.0212
0.0211995
0.0211991
0.0211987
0.0211983
0.0211979
0.0211975
0.0211971
0.0211967
0.0211963
0.0211959
0.0211954
0.021195
0.0211946
0.0211942
0.0211938
0.0211934
0.0211931
0.0211927
0.0211923
0.0211919
0.0211915
0.0211911
0.0211907
0.0211903
0.0211899
0.0211895
0.0211891
0.0211888
0.0211884
0.021188
0.0211876
0.0211872
0.0211869
0.0211865
0.0211861
0.0211857
0.0211853
0.021185
0.0211846
0.0211842
0.0211839
0.0211835
0.0211831
0.0211828
0.0211824
0.021182
0.0211817
0.0211813
0.0211809
0.0211806
0.0211802
0.0211799
0.0211795
0.0211791
0.0211788
0.0211784
0.0211781
0.0211777
0.0211774
0.021177
0.0211767
0.0211763
0.021176
0.0211756
0.0211753
0.0211749
0.0211746
0.0211743
0.0211739
0.0211736
0.0211732
0.0211729
0.0211726
0.0211722
0.0211719
0.0211716
0.0211712
0.0211709
0.0211706
0.0211702
0.0211699
0.0211696
0.0211692
0.0211689
0.0211686
0.0211683
0.0211679
0.0211676
0.0211673
0.021167
0.0211667
0.0211663
0.021166
0.0211657
0.0211654
0.0211651
0.0211648
0.0211644
0.0211641
0.0211638
0.0211635
0.0211632
0.0211629
0.0211626
0.0211623
0.021162
0.0211617
0.0211614
0.0211611
0.0211608
0.0211604
0.0211601
0.0211598
0.0211595
0.0211593
0.021159
0.0211587
0.0211584
0.0211581
0.0211578
0.0211575
0.0211572
0.0211569
0.0211566
0.0211563
0.021156
0.0211557
0.0211555
0.0211552
0.0211549
0.0211546
0.0211543
0.021154
0.0211538
0.0211535
0.0211532
0.0211529
0.0211526
0.0211524
0.0211521
0.0211518
0.0211515
0.0211513
0.021151
0.0211507
0.0211504
0.0211502
0.0211499
0.0211496
0.0211494
0.0211491
0.0211488
0.0211486
0.0211483
0.021148
0.0211478
0.0211475
0.0211472
0.021147
0.0211467
0.0211465
0.0211462
0.0211459
0.0211457
