0.0217772
0.0215453
0.0214605
0.021385
0.0213195
0.0212639
0.021218
0.0211807
0.0211507
0.0211265
0.0211066
0.02109
0.0210757
0.0210631
0.0210518
0.0210415
0.021032
0.0210232
0.0210149
0.0210072
0.021
0.0209931
0.0209867
0.0209805
0.0209748
0.0209693
0.0209641
0.0209592
0.0209545
0.0209501
0.0209459
0.0209418
0.020938
0.0209343
0.0209308
0.0209275
0.0209243
0.0209213
0.0209183
0.0209155
0.0209128
0.0209102
0.0209077
0.0209053
0.0209029
0.0209007
0.0208985
0.0208964
0.0208944
0.0208924
0.0208905
0.0208886
0.0208868
0.020885
0.0208833
0.0208816
0.0208799
0.0208783
0.0208767
0.0208752
0.0208737
0.0208722
0.0208707
0.0208693
0.0208679
0.0208665
0.0208651
0.0208638
0.0208624
0.0208611
0.0208598
0.0208586
0.0208573
0.0208561
0.0208548
0.0208536
0.0208524
0.0208512
0.02085
0.0208489
0.0208477
0.0208466
0.0208454
0.0208443
0.0208432
0.0208421
0.0208409
0.0208398
0.0208388
0.0208377
0.0208366
0.0208355
0.0208345
0.0208334
0.0208323
0.0208313
0.0208303
0.0208292
0.0208282
0.0208272
0.0208261
0.0208251
0.0208241
0.0208231
0.0208221
0.0208211
0.0208201
0.0208191
0.0208181
0.0208171
0.0208162
0.0208152
0.0208142
0.0208132
0.0208123
0.0208113
0.0208104
0.0208094
0.0208084
0.0208075
0.0208065
0.0208056
0.0208047
0.0208037
0.0208028
0.0208018
0.0208009
0.0208
0.0207991
0.0207981
0.0207972
0.0207963
0.0207954
0.0207945
0.0207936
0.0207927
0.0207918
0.0207908
0.0207899
0.020789
0.0207882
0.0207873
0.0207864
0.0207855
0.0207846
0.0207837
0.0207828
0.020782
0.0207811
0.0207802
0.0207793
0.0207785
0.0207776
0.0207767
0.0207759
0.020775
0.0207741
0.0207733
0.0207724
0.0207716
0.0207707
0.0207699
0.020769
0.0207682
0.0207673
0.0207665
0.0207657
0.0207648
0.020764
0.0207632
0.0207623
0.0207615
0.0207607
0.0207598
0.020759
0.0207582
0.0207574
0.0207566
0.0207558
0.0207549
0.0207541
0.0207533
0.0207525
0.0207517
0.0207509
0.0207501
0.0207493
0.0207485
0.0207477
0.0207469
0.0207461
0.0207453
0.0207446
0.0207438
0.020743
0.0207422
0.0207414
0.0207406
0.0207399
0.0207391
0.0207383
0.0207376
0.0207368
0.020736
0.0207353
0.0207345
0.0207337
0.020733
0.0207322
0.0207315
0.0207307
0.0207299
0.0207292
0.0207284
0.0207277
0.020727
0.0207262
0.0207255
0.0207247
0.020724
0.0207233
0.0207225
0.0207218
0.0207211
0.0207203
0.0207196
0.0207189
0.0207182
0.0207174
0.0207167
0.020716
0.0207153
0.0207146
0.0207138
0.0207131
0.0207124
0.0207117
0.020711
0.0207103
0.0207096
0.0207089
0.0207082
0.0207075
0.0207068
0.0207061
0.0207054
0.0207047
0.020704
0.0207034
0.0207027
0.020702
0.0207013
0.0207006
0.0206999
0.0206993
0.0206986
0.0206979
0.0206972
0.0206966
0.0206959
0.0206952
0.0206946
0.0206939
0.0206932
0.0206926
0.0206919
0.0206912
0.0206906
0.0206899
0.0206893
0.0206886
0.020688
0.0206873
0.0206867
0.020686
0.0206854
0.0206847
0.0206841
0.0206835
0.0206828
0.0206822
0.0206815
0.0206809
0.0206803
0.0206796
0.020679
0.0206784
0.0206778
0.0206771
0.0206765
0.0206759
0.0206753
0.0206746
0.020674
0.0206734
0.0206728
0.0206722
0.0206716
0.020671
0.0206703
0.0206697
0.0206691
0.0206685
0.0206679
0.0206673
0.0206667
0.0206661
0.0206655
0.0206649
0.0206643
0.0206637
0.0206631
0.0206626
0.020662
0.0206614
0.0206608
0.0206602
0.0206596
0.020659
0.0206585
0.0206579
0.0206573
0.0206567
0.0206562
0.0206556
0.020655
0.0206544
0.0206539
0.0206533
0.0206527
0.0206522
0.0206516
0.020651
0.0206505
0.0206499
0.0206493
0.0206488
0.0206482
0.0206477
0.0206471
0.0206466
0.020646
0.0206455
0.0206449
0.0206444
0.0206438
0.0206433
0.0206427
0.0206422
0.0206417
0.0206411
0.0206406
0.02064
0.0206395
0.020639
0.0206384
0.0206379
0.0206374
0.0206368
0.0206363
0.0206358
0.0206353
0.0206347
0.0206342
0.0206337
0.0206332
0.0206326
0.0206321
0.0206316
0.0206311
0.0206306
0.0206301
0.0206296
0.020629
0.0206285
0.020628
0.0206275
0.020627
0.0206265
0.020626
0.0206255
0.020625
0.0206245
0.020624
0.0206235
0.020623
0.0206225
0.020622
0.0206215
0.020621
0.0206205
0.02062
0.0206195
0.0206191
0.0206186
0.0206181
0.0206176
0.0206171
0.0206166
0.0206162
0.0206157
0.0206152
0.0206147
0.0206142
0.0206138
0.0206133
0.0206128
0.0206123
0.0206119
0.0206114
0.0206109
0.0206105
0.02061
0.0206095
0.0206091
0.0206086
0.0206081
0.0206077
0.0206072
0.0206068
0.0206063
0.0206058
0.0206054
0.0206049
0.0206045
0.020604
0.0206036
0.0206031
0.0206027
0.0206022
0.0206018
0.0206013
0.0206009
0.0206004
0.0206
0.0205995
0.0205991
0.0205987
0.0205982
0.0205978
0.0205973
0.0205969
0.0205965
0.020596
0.0205956
0.0205952
0.0205947
0.0205943
0.0205939
0.0205934
0.020593
0.0205926
0.0205922
0.0205917
0.0205913
0.0205909
0.0205905
0.02059
0.0205896
0.0205892
0.0205888
0.0205884
0.020588
0.0205875
0.0205871
0.0205867
0.0205863
0.0205859
0.0205855
0.0205851
0.0205847
0.0205842
0.0205838
0.0205834
0.020583
0.0205826
0.0205822
0.0205818
0.0205814
0.020581
0.0205806
0.0205802
0.0205798
0.0205794
0.020579
0.0205786
0.0205782
0.0205778
0.0205774
0.0205771
0.0205767
0.0205763
0.0205759
0.0205755
0.0205751
0.0205747
0.0205743
0.020574
0.0205736
0.0205732
