0.0355116
0.0289
0.0268187
0.0261161
0.0258484
0.0257106
0.0256176
0.0255455
0.0254868
0.0254383
0.0253979
0.025364
0.0253352
0.0253105
0.0252889
0.0252698
0.0252527
0.025237
0.0252227
0.0252093
0.0251968
0.0251849
0.0251737
0.025163
0.0251528
0.0251429
0.0251334
0.0251242
0.0251153
0.0251067
0.0250983
0.0250902
0.0250822
0.0250744
0.0250668
0.0250594
0.0250521
0.025045
0.025038
0.0250312
0.0250244
0.0250178
0.0250113
0.0250049
0.0249985
0.0249923
0.0249862
0.0249801
0.0249741
0.0249682
0.0249624
0.0249567
0.024951
0.0249453
0.0249398
0.0249342
0.0249288
0.0249234
0.024918
0.0249127
0.0249074
0.0249022
0.024897
0.0248918
0.0248867
0.0248816
0.0248766
0.0248716
0.0248666
0.0248616
0.0248567
0.0248518
0.0248469
0.0248421
0.0248373
0.0248325
0.0248277
0.0248229
0.0248182
0.0248135
0.0248088
0.0248041
0.0247994
0.0247948
0.0247901
0.0247855
0.0247809
0.0247763
0.0247717
0.0247672
0.0247626
0.0247581
0.0247536
0.0247491
0.0247446
0.0247401
0.0247356
0.0247311
0.0247267
0.0247222
0.0247178
0.0247133
0.0247089
0.0247045
0.0247001
0.0246957
0.0246913
0.0246869
0.0246825
0.0246782
0.0246738
0.0246694
0.0246651
0.0246607
0.0246564
0.0246521
0.0246478
0.0246434
0.0246391
0.0246348
0.0246305
0.0246262
0.0246219
0.0246176
0.0246133
0.0246091
0.0246048
0.0246005
0.0245963
0.024592
0.0245877
0.0245835
0.0245792
0.024575
0.0245708
0.0245665
0.0245623
0.0245581
0.0245539
0.0245496
0.0245454
0.0245412
0.024537
0.0245328
0.0245286
0.0245244
0.0245202
0.024516
0.0245118
0.0245077
0.0245035
0.0244993
0.0244951
0.024491
0.0244868
0.0244826
0.0244785
0.0244743
0.0244702
0.024466
0.0244619
0.0244577
0.0244536
0.0244494
0.0244453
0.0244412
0.024437
0.0244329
0.0244288
0.0244247
0.0244206
0.0244164
0.0244123
0.0244082
0.0244041
0.0244
0.0243959
0.0243918
0.0243877
0.0243836
0.0243795
0.0243754
0.0243713
0.0243673
0.0243632
0.0243591
0.024355
0.024351
0.0243469
0.0243428
0.0243387
0.0243347
0.0243306
0.0243266
0.0243225
0.0243184
0.0243144
0.0243103
0.0243063
0.0243023
0.0242982
0.0242942
0.0242901
0.0242861
0.0242821
0.024278
0.024274
0.02427
0.0242659
0.0242619
0.0242579
0.0242539
0.0242499
0.0242459
0.0242418
0.0242378
0.0242338
0.0242298
0.0242258
0.0242218
0.0242178
0.0242138
0.0242098
0.0242058
0.0242018
0.0241978
0.0241939
0.0241899
0.0241859
0.0241819
0.0241779
0.024174
0.02417
0.024166
0.024162
0.0241581
0.0241541
0.0241501
0.0241462
0.0241422
0.0241383
0.0241343
0.0241303
0.0241264
0.0241224
0.0241185
0.0241145
0.0241106
0.0241067
0.0241027
0.0240988
0.0240948
0.0240909
0.024087
0.024083
0.0240791
0.0240752
0.0240712
0.0240673
0.0240634
0.0240595
0.0240556
0.0240516
0.0240477
0.0240438
0.0240399
0.024036
0.0240321
0.0240282
0.0240243
0.0240204
0.0240165
0.0240126
0.0240087
0.0240048
0.0240009
0.023997
0.0239931
0.0239892
0.0239853
0.0239814
0.0239775
0.0239737
0.0239698
0.0239659
0.023962
0.0239581
0.0239543
0.0239504
0.0239465
0.0239427
0.0239388
0.0239349
0.0239311
0.0239272
0.0239234
0.0239195
0.0239156
0.0239118
0.0239079
0.0239041
0.0239002
0.0238964
0.0238925
0.0238887
0.0238848
0.023881
0.0238772
0.0238733
0.0238695
0.0238657
0.0238618
0.023858
0.0238542
0.0238503
0.0238465
0.0238427
0.0238389
0.0238351
0.0238312
0.0238274
0.0238236
0.0238198
0.023816
0.0238122
0.0238084
0.0238045
0.0238007
0.0237969
0.0237931
0.0237893
0.0237855
0.0237817
0.0237779
0.0237742
0.0237704
0.0237666
0.0237628
0.023759
0.0237552
0.0237514
0.0237476
0.0237439
0.0237401
0.0237363
0.0237325
0.0237288
0.023725
0.0237212
0.0237174
0.0237137
0.0237099
0.0237062
0.0237024
0.0236986
0.0236949
0.0236911
0.0236874
0.0236836
0.0236799
0.0236761
0.0236724
0.0236686
0.0236649
0.0236611
0.0236574
0.0236536
0.0236499
0.0236462
0.0236424
0.0236387
0.023635
0.0236312
0.0236275
0.0236238
0.0236201
0.0236163
0.0236126
0.0236089
0.0236052
0.0236015
0.0235978
0.023594
0.0235903
0.0235866
0.0235829
0.0235792
0.0235755
0.0235718
0.0235681
0.0235644
0.0235607
0.023557
0.0235533
0.0235496
0.0235459
0.0235422
0.0235386
0.0235349
0.0235312
0.0235275
0.0235238
0.0235202
0.0235165
0.0235128
0.0235091
0.0235055
0.0235018
0.0234981
0.0234945
0.0234908
0.0234871
0.0234835
0.0234798
0.0234762
0.0234725
0.0234689
0.0234652
0.0234616
0.0234579
0.0234543
0.0234506
0.023447
0.0234433
0.0234397
0.0234361
0.0234324
0.0234288
0.0234252
0.0234215
0.0234179
0.0234143
0.0234107
0.023407
0.0234034
0.0233998
0.0233962
0.0233926
0.023389
0.0233853
0.0233817
0.0233781
0.0233745
0.0233709
0.0233673
0.0233637
0.0233601
0.0233565
0.0233529
0.0233493
0.0233457
0.0233422
0.0233386
0.023335
0.0233314
0.0233278
0.0233242
0.0233207
0.0233171
0.0233135
0.0233099
0.0233064
0.0233028
0.0232992
0.0232957
0.0232921
0.0232885
0.023285
0.0232814
0.0232779
0.0232743
0.0232708
0.0232672
0.0232637
0.0232601
0.0232566
0.023253
0.0232495
0.023246
0.0232424
0.0232389
0.0232354
0.0232318
0.0232283
0.0232248
0.0232213
0.0232177
0.0232142
0.0232107
0.0232072
0.0232037
0.0232001
0.0231966
0.0231931
0.0231896
0.0231861
0.0231826
0.0231791
0.0231756
0.0231721
