0.0144385
0.014449
0.0144502
0.0144511
0.0144523
0.0144537
0.0144552
0.0144565
0.0144577
0.0144586
0.0144593
0.0144597
0.01446
0.0144601
0.0144601
0.01446
0.0144599
0.0144597
0.0144594
0.0144592
0.014459
0.0144588
0.0144586
0.0144584
0.0144582
0.014458
0.0144579
0.0144578
0.0144577
0.0144576
0.0144575
0.0144575
0.0144575
0.0144575
0.0144575
0.0144575
0.0144575
0.0144576
0.0144577
0.0144578
0.0144579
0.014458
0.0144581
0.0144582
0.0144584
0.0144585
0.0144587
0.0144588
0.014459
0.0144592
0.0144594
0.0144596
0.0144598
0.01446
0.0144602
0.0144604
0.0144607
0.0144609
0.0144611
0.0144613
0.0144616
0.0144618
0.014462
0.0144623
0.0144625
0.0144628
0.014463
0.0144632
0.0144635
0.0144637
0.0144639
0.0144641
0.0144644
0.0144646
0.0144648
0.014465
0.0144652
0.0144654
0.0144656
0.0144658
0.014466
0.0144662
0.0144663
0.0144665
0.0144667
0.0144668
0.014467
0.0144671
0.0144672
0.0144673
0.0144675
0.0144676
0.0144676
0.0144677
0.0144678
0.0144679
0.0144679
0.014468
0.014468
0.014468
0.014468
0.014468
0.014468
0.014468
0.0144679
0.0144679
0.0144678
0.0144677
0.0144677
0.0144676
0.0144674
0.0144673
0.0144672
0.014467
0.0144669
0.0144667
0.0144665
0.0144663
0.0144661
0.0144659
0.0144656
0.0144654
0.0144651
0.0144649
0.0144646
0.0144643
0.014464
0.0144636
0.0144633
0.0144629
0.0144626
0.0144622
0.0144618
0.0144614
0.014461
0.0144606
0.0144601
0.0144597
0.0144592
0.0144587
0.0144583
0.0144578
0.0144572
0.0144567
0.0144562
0.0144557
0.0144551
0.0144545
0.014454
0.0144534
0.0144528
0.0144522
0.0144516
0.0144509
0.0144503
0.0144497
0.014449
0.0144483
0.0144477
0.014447
0.0144463
0.0144456
0.0144449
0.0144442
0.0144434
0.0144427
0.014442
0.0144412
0.0144405
0.0144397
0.0144389
0.0144381
0.0144374
0.0144366
0.0144358
0.014435
0.0144342
0.0144333
0.0144325
0.0144317
0.0144308
0.01443
0.0144292
0.0144283
0.0144274
0.0144266
0.0144257
0.0144248
0.014424
0.0144231
0.0144222
0.0144213
0.0144204
0.0144195
0.0144186
0.0144177
0.0144168
0.0144159
0.014415
0.014414
0.0144131
0.0144122
0.0144112
0.0144103
0.0144094
0.0144084
0.0144075
0.0144065
0.0144056
0.0144047
0.0144037
0.0144027
0.0144018
0.0144008
0.0143999
0.0143989
0.0143979
0.014397
0.014396
0.014395
0.0143941
0.0143931
0.0143921
0.0143912
0.0143902
0.0143892
0.0143882
0.0143873
0.0143863
0.0143853
0.0143843
0.0143833
0.0143824
0.0143814
0.0143804
0.0143794
0.0143784
0.0143775
0.0143765
0.0143755
0.0143745
0.0143735
0.0143726
0.0143716
0.0143706
0.0143696
0.0143686
0.0143676
0.0143667
0.0143657
0.0143647
0.0143637
0.0143627
0.0143618
0.0143608
0.0143598
0.0143588
0.0143579
0.0143569
0.0143559
0.0143549
0.014354
0.014353
0.014352
0.014351
0.0143501
0.0143491
0.0143481
0.0143472
0.0143462
0.0143452
0.0143443
0.0143433
0.0143424
0.0143414
0.0143404
0.0143395
0.0143385
0.0143376
0.0143366
0.0143357
0.0143347
0.0143338
0.0143328
0.0143319
0.0143309
0.01433
0.0143291
0.0143281
0.0143272
0.0143262
0.0143253
0.0143244
0.0143234
0.0143225
0.0143216
0.0143207
0.0143197
0.0143188
0.0143179
0.014317
0.0143161
0.0143151
0.0143142
0.0143133
0.0143124
0.0143115
0.0143106
0.0143097
0.0143088
0.0143079
0.014307
0.0143061
0.0143052
0.0143043
0.0143034
0.0143025
0.0143016
0.0143007
0.0142998
0.014299
0.0142981
0.0142972
0.0142963
0.0142954
0.0142946
0.0142937
0.0142928
0.014292
0.0142911
0.0142902
0.0142894
0.0142885
0.0142877
0.0142868
0.014286
0.0142851
0.0142843
0.0142834
0.0142826
0.0142817
0.0142809
0.01428
0.0142792
0.0142784
0.0142775
0.0142767
0.0142759
0.0142751
0.0142742
0.0142734
0.0142726
0.0142718
0.014271
0.0142701
0.0142693
0.0142685
0.0142677
0.0142669
0.0142661
0.0142653
0.0142645
0.0142637
0.0142629
0.0142621
0.0142613
0.0142605
0.0142598
0.014259
0.0142582
0.0142574
0.0142566
0.0142559
0.0142551
0.0142543
0.0142535
0.0142528
0.014252
0.0142513
0.0142505
0.0142497
0.014249
0.0142482
0.0142475
0.0142467
0.014246
0.0142452
0.0142445
0.0142437
0.014243
0.0142423
0.0142415
0.0142408
0.0142401
0.0142393
0.0142386
0.0142379
0.0142372
0.0142364
0.0142357
0.014235
0.0142343
0.0142336
0.0142329
0.0142321
0.0142314
0.0142307
0.01423
0.0142293
0.0142286
0.0142279
0.0142272
0.0142265
0.0142259
0.0142252
0.0142245
0.0142238
0.0142231
0.0142224
0.0142218
0.0142211
0.0142204
0.0142197
0.0142191
0.0142184
0.0142177
0.0142171
0.0142164
0.0142157
0.0142151
0.0142144
0.0142138
0.0142131
0.0142125
0.0142118
0.0142112
0.0142105
0.0142099
0.0142092
0.0142086
0.014208
0.0142073
0.0142067
0.014206
0.0142054
0.0142048
0.0142042
0.0142035
0.0142029
0.0142023
0.0142017
0.0142011
0.0142004
0.0141998
0.0141992
0.0141986
0.014198
0.0141974
0.0141968
0.0141962
0.0141956
0.014195
0.0141944
0.0141938
0.0141932
0.0141926
0.014192
0.0141914
0.0141908
0.0141902
0.0141897
0.0141891
0.0141885
0.0141879
0.0141873
0.0141868
0.0141862
0.0141856
0.014185
0.0141845
0.0141839
0.0141833
0.0141828
0.0141822
0.0141817
0.0141811
0.0141805
0.01418
0.0141794
0.0141789
0.0141783
0.0141778
0.0141772
0.0141767
0.0141761
0.0141756
0.0141751
0.0141745
0.014174
0.0141734
0.0141729
0.0141724
0.0141719
0.0141713
0.0141708
0.0141703
0.0141697
0.0141692
0.0141687
0.0141682
0.0141677
0.0141671
0.0141666
0.0141661
0.0141656
0.0141651
0.0141646
0.0141641
0.0141636
0.014163
0.0141625
0.014162
0.0141615
0.014161
0.0141605
0.01416
0.0141595
0.014159
0.0141586
0.0141581
0.0141576
0.0141571
0.0141566
0.0141561
0.0141556
0.0141551
0.0141547
0.0141542
0.0141537
0.0141532
0.0141527
0.0141523
0.0141518
0.0141513
0.0141508
0.0141504
0.0141499
0.0141494
0.014149
0.0141485
0.014148
0.0141476
0.0141471
0.0141467
0.0141462
0.0141457
0.0141453
0.0141448
0.0141444
0.0141439
0.0141435
0.014143
0.0141426
0.0141421
0.0141417
0.0141412
0.0141408
0.0141404
0.0141399
0.0141395
0.014139
0.0141386
0.0141382
0.0141377
0.0141373
0.0141369
0.0141364
0.014136
0.0141356
0.0141351
0.0141347
0.0141343
0.0141338
0.0141334
0.014133
0.0141326
0.0141322
0.0141317
0.0141313
0.0141309
0.0141305
0.0141301
0.0141296
0.0141292
0.0141288
0.0141284
0.014128
0.0141276
0.0141272
0.0141268
0.0141264
0.014126
0.0141256
0.0141252
0.0141247
0.0141243
0.0141239
0.0141235
0.0141231
0.0141227
0.0141224
0.014122
0.0141216
0.0141212
0.0141208
0.0141204
0.01412
0.0141196
0.0141192
0.0141188
0.0141184
0.014118
0.0141177
0.0141173
0.0141169
0.0141165
0.0141161
0.0141157
0.0141154
0.014115
0.0141146
0.0141142
0.0141139
0.0141135
0.0141131
0.0141127
0.0141124
0.014112
0.0141116
0.0141112
0.0141109
0.0141105
0.0141101
0.0141098
0.0141094
0.014109
0.0141087
0.0141083
0.0141079
0.0141076
0.0141072
0.0141069
0.0141065
0.0141061
0.0141058
0.0141054
0.0141051
0.0141047
0.0141043
0.014104
0.0141036
0.0141033
0.0141029
0.0141026
0.0141022
0.0141019
0.0141015
0.0141012
0.0141008
0.0141005
0.0141001
0.0140998
0.0140994
0.0140991
0.0140987
0.0140984
0.0140981
0.0140977
0.0140974
0.014097
0.0140967
0.0140964
0.014096
0.0140957
0.0140953
0.014095
0.0140947
0.0140943
0.014094
0.0140937
0.0140933
0.014093
0.0140927
0.0140923
0.014092
0.0140917
0.0140913
0.014091
0.0140907
0.0140903
0.01409
0.0140897
0.0140894
0.014089
0.0140887
0.0140884
0.0140881
0.0140877
0.0140874
0.0140871
0.0140868
0.0140864
0.0140861
0.0140858
0.0140855
0.0140852
0.0140848
0.0140845
0.0140842
0.0140839
0.0140836
0.0140833
0.0140829
0.0140826
0.0140823
0.014082
0.0140817
0.0140814
0.0140811
0.0140807
0.0140804
0.0140801
0.0140798
0.0140795
0.0140792
0.0140789
0.0140786
0.0140783
0.014078
0.0140776
0.0140773
0.014077
0.0140767
0.0140764
0.0140761
0.0140758
0.0140755
0.0140752
0.0140749
0.0140746
0.0140743
0.014074
0.0140737
0.0140734
0.0140731
0.0140728
0.0140725
0.0140722
0.0140719
0.0140716
0.0140713
0.014071
0.0140707
0.0140704
0.0140701
0.0140698
0.0140695
0.0140692
0.0140689
0.0140686
0.0140683
0.014068
0.0140677
0.0140674
0.0140671
0.0140669
0.0140666
0.0140663
0.014066
0.0140657
0.0140654
0.0140651
0.0140648
0.0140645
0.0140642
0.0140639
0.0140637
0.0140634
0.0140631
0.0140628
0.0140625
0.0140622
0.0140619
0.0140616
0.0140614
0.0140611
0.0140608
0.0140605
0.0140602
0.0140599
