0.0158206
0.0190301
0.0230813
0.0268914
0.0288972
0.0295056
0.0295161
0.0293255
0.0290724
0.0288027
0.0285347
0.0282789
0.0280442
0.0278381
0.0276663
0.027532
0.0274358
0.0273763
0.0273516
0.0273606
0.0274032
0.0274809
0.0275965
0.0277528
0.027951
0.028188
0.0284533
0.0287278
0.0289872
0.0292083
0.0293763
0.0294873
0.0295461
0.0295625
0.0295471
0.0295091
0.0294558
0.0293926
0.0293232
0.02925
0.0291748
0.0290985
0.0290221
0.028946
0.0288708
0.0287967
0.028724
0.028653
0.0285839
0.0285168
0.0284519
0.0283893
0.0283291
0.0282714
0.0282161
0.0281633
0.0281129
0.0280648
0.028019
0.0279752
0.0279334
0.0278933
0.0278548
0.0278176
0.0277815
0.0277462
0.0277116
0.0276773
0.0276432
0.027609
0.0275746
0.0275397
0.0275041
0.0274677
0.0274303
0.0273917
0.0273519
0.0273106
0.0272679
0.0272236
0.0271777
0.0271304
0.027082
0.0270333
0.0269863
0.0269447
0.0269165
0.0269136
0.0269308
0.026792
0.0258676
0.0242008
0.0229875
0.022451
0.0222961
0.0223054
0.0223654
0.0224334
0.0225011
0.02257
0.02264
0.0227074
0.0227668
0.022814
0.0228469
0.022866
0.0228734
0.0228718
0.0228639
0.0228523
0.0228388
0.0228252
0.0228124
0.0228013
0.0227925
0.0227862
0.0227826
0.0227819
0.022784
0.0227889
0.0227964
0.0228063
0.0228187
0.0228331
0.0228494
0.0228675
0.022887
0.0229078
0.0229297
0.0229523
0.0229757
0.0229995
0.0230235
0.0230478
0.023072
0.0230961
0.02312
0.0231436
0.0231667
0.0231895
0.0232117
0.0232335
0.0232546
0.0232752
0.0232952
0.0233146
0.0233334
0.0233517
0.0233693
0.0233865
0.0234031
0.0234192
0.0234348
0.0234499
0.0234646
0.0234789
0.0234928
0.0235063
0.0235195
0.0235323
0.0235448
0.0235571
0.023569
0.0235808
0.0235923
0.0236036
0.0236146
0.0236255
0.0236362
0.0236468
0.0236572
0.0236675
0.0236776
0.0236876
0.0236975
0.0237073
0.023717
0.0237266
0.0237361
0.0237455
0.0237549
0.0237641
0.0237733
0.0237825
0.0237915
0.0238006
0.0238095
0.0238184
0.0238273
0.023836
0.0238448
0.0238535
0.0238621
0.0238707
0.0238793
0.0238878
0.0238962
0.0239046
0.023913
0.0239213
0.0239296
0.0239379
0.0239461
0.0239542
0.0239623
0.0239704
0.0239784
0.0239864
0.0239944
0.0240023
0.0240102
0.024018
0.0240258
0.0240336
0.0240413
0.024049
0.0240566
0.0240642
0.0240718
0.0240793
0.0240868
0.0240942
0.0241016
0.024109
0.0241163
0.0241236
0.0241309
0.0241381
0.0241453
0.0241524
0.0241595
0.0241666
0.0241736
0.0241806
0.0241876
0.0241945
0.0242014
0.0242082
0.024215
0.0242218
0.0242285
0.0242352
0.0242419
0.0242485
0.0242551
0.0242617
0.0242682
0.0242747
0.0242811
0.0242875
0.0242939
0.0243003
0.0243066
0.0243129
0.0243191
0.0243254
0.0243315
0.0243377
0.0243438
0.0243499
0.024356
0.024362
0.024368
0.024374
0.0243799
0.0243858
0.0243917
0.0243975
0.0244033
0.0244091
0.0244148
0.0244206
0.0244263
0.0244319
0.0244375
0.0244431
0.0244487
0.0244543
0.0244598
0.0244653
0.0244707
0.0244762
0.0244816
0.024487
0.0244923
0.0244976
0.0245029
0.0245082
0.0245135
0.0245187
0.0245239
0.024529
0.0245342
0.0245393
0.0245444
0.0245495
0.0245545
0.0245595
0.0245645
0.0245695
0.0245744
0.0245794
0.0245843
0.0245891
0.024594
0.0245988
0.0246036
0.0246084
0.0246132
0.0246179
0.0246226
0.0246273
0.024632
0.0246366
0.0246412
0.0246459
0.0246504
0.024655
0.0246595
0.0246641
0.0246686
0.024673
0.0246775
0.0246819
0.0246864
0.0246908
0.0246951
0.0246995
0.0247038
0.0247081
0.0247124
0.0247167
0.024721
0.0247252
0.0247295
0.0247337
0.0247378
0.024742
0.0247462
0.0247503
0.0247544
0.0247585
0.0247626
0.0247666
0.0247707
0.0247747
0.0247787
0.0247827
0.0247867
0.0247906
0.0247946
0.0247985
0.0248024
0.0248063
0.0248102
0.024814
0.0248179
0.0248217
0.0248255
0.0248293
0.0248331
0.0248368
0.0248406
0.0248443
0.024848
0.0248517
0.0248554
0.0248591
0.0248627
0.0248663
0.02487
0.0248736
0.0248772
0.0248807
0.0248843
0.0248879
0.0248914
0.0248949
0.0248984
0.0249019
0.0249054
0.0249089
0.0249123
0.0249158
0.0249192
0.0249226
0.024926
0.0249294
0.0249327
0.0249361
0.0249394
0.0249428
0.0249461
0.0249494
0.0249527
0.024956
0.0249592
0.0249625
0.0249657
0.024969
0.0249722
0.0249754
0.0249786
0.0249818
0.024985
0.0249881
0.0249913
0.0249944
0.0249975
0.0250006
0.0250037
0.0250068
0.0250099
0.025013
0.025016
0.0250191
0.0250221
0.0250251
0.0250282
0.0250312
0.0250342
0.0250371
0.0250401
0.0250431
0.025046
0.025049
0.0250519
0.0250548
0.0250577
0.0250606
0.0250635
0.0250664
0.0250693
0.0250721
0.025075
0.0250778
0.0250807
0.0250835
0.0250863
0.0250891
0.0250919
0.0250947
0.0250975
0.0251003
0.0251031
0.0251058
0.0251086
0.0251113
0.025114
0.0251168
0.0251195
0.0251222
0.0251249
0.0251276
0.0251303
0.0251329
0.0251356
0.0251383
0.0251409
0.0251436
0.0251462
0.0251488
0.0251515
0.0251541
0.0251567
0.0251593
0.0251619
0.0251645
0.0251671
0.0251696
0.0251722
0.0251748
0.0251773
0.0251799
0.0251824
0.0251849
0.0251875
0.02519
0.0251925
0.025195
0.0251975
0.0252
0.0252025
0.025205
0.0252074
0.0252099
0.0252124
0.0252148
0.0252173
0.0252197
0.0252221
0.0252246
0.025227
0.0252294
0.0252318
0.0252342
0.0252366
0.025239
0.0252413
0.0252437
0.0252461
0.0252484
0.0252508
0.0252531
0.0252554
0.0252578
0.0252601
0.0252624
0.0252647
0.025267
0.0252692
0.0252715
0.0252738
0.025276
0.0252783
0.0252805
0.0252827
0.0252849
0.0252871
0.0252893
0.0252915
0.0252936
0.0252958
0.0252979
0.0253001
0.0253022
0.0253043
0.0253064
0.0253084
0.0253105
0.0253125
0.0253145
0.0253166
0.0253186
0.0253205
0.0253225
0.0253244
0.0253264
0.0253283
0.0253302
0.025332
0.0253339
0.0253357
0.0253375
0.0253393
0.0253411
0.0253428
0.0253445
0.0253462
0.0253479
0.0253496
0.0253512
0.0253528
0.0253544
0.0253559
0.0253575
0.025359
0.0253605
0.0253619
0.0253633
0.0253647
0.0253661
0.0253675
0.0253688
0.0253701
0.0253713
0.0253726
0.0253738
0.025375
0.0253761
0.0253772
0.0253783
0.0253794
0.0253804
0.0253815
0.0253824
0.0253834
0.0253843
0.0253852
0.0253861
0.0253869
0.0253877
0.0253885
0.0253893
0.02539
0.0253907
0.0253914
0.0253921
0.0253927
0.0253933
0.0253939
0.0253945
0.025395
0.0253955
0.025396
0.0253965
0.0253969
0.0253973
0.0253977
0.0253981
0.0253985
0.0253988
0.0253991
0.0253994
0.0253997
0.0254
0.0254002
0.0254004
0.0254007
0.0254009
0.025401
0.0254012
0.0254014
0.0254015
0.0254016
0.0254017
0.0254018
0.0254019
0.025402
0.0254021
0.0254021
0.0254022
0.0254022
0.0254022
0.0254022
0.0254022
0.0254022
0.0254022
0.0254022
0.0254022
0.0254021
0.0254021
0.025402
0.025402
0.0254019
0.0254019
0.0254018
0.0254017
0.0254016
0.0254015
0.0254014
0.0254013
0.0254012
0.0254011
0.025401
0.0254009
0.0254008
0.0254007
0.0254006
0.0254004
0.0254003
0.0254002
0.0254
0.0253999
0.0253998
0.0253996
0.0253995
0.0253994
0.0253992
0.0253991
0.0253989
0.0253988
0.0253986
0.0253985
0.0253983
0.0253982
0.025398
0.0253978
0.0253977
0.0253975
0.0253974
0.0253972
0.025397
0.0253969
0.0253967
0.0253966
0.0253964
0.0253962
0.0253961
0.0253959
0.0253957
0.0253956
0.0253954
0.0253952
0.025395
0.0253949
0.0253947
0.0253945
0.0253944
0.0253942
0.025394
0.0253938
0.0253937
0.0253935
0.0253933
0.0253931
0.0253929
0.0253928
0.0253926
0.0253924
0.0253922
0.025392
0.0253919
0.0253917
0.0253915
0.0253913
0.0253911
0.0253909
0.0253907
0.0253905
0.0253904
0.0253902
0.02539
0.0253898
0.0253896
0.0253894
0.0253892
0.025389
0.0253888
0.0253886
0.0253884
0.0253882
0.025388
0.0253878
0.0253876
0.0253874
0.0253872
0.0253869
0.0253867
0.0253865
0.0253863
0.0253861
0.0253859
0.0253857
0.0253854
0.0253852
0.025385
0.0253848
0.0253846
0.0253843
0.0253841
0.0253839
0.0253836
0.0253834
0.0253832
0.025383
0.0253827
0.0253825
0.0253822
0.025382
0.0253818
0.0253815
0.0253813
0.025381
0.0253808
0.0253805
0.0253803
0.02538
0.0253798
0.0253795
0.0253793
0.025379
0.0253787
0.0253785
0.0253782
0.0253779
0.0253777
0.0253774
0.0253771
0.0253769
0.0253766
0.0253763
0.025376
0.0253758
0.0253755
0.0253752
0.0253749
0.0253746
0.0253743
0.025374
0.0253737
0.0253735
0.0253732
0.0253729
0.0253726
0.0253723
0.025372
0.0253717
0.0253713
0.025371
0.0253707
0.0253704
0.0253701
0.0253698
0.0253695
0.0253692
0.0253688
0.0253685
0.0253682
0.0253679
