0.013382
0.0133886
0.0134153
0.0134341
0.0134422
0.0134428
0.0134399
0.0134359
0.0134323
0.0134294
0.0134273
0.0134258
0.0134248
0.0134241
0.0134235
0.013423
0.0134226
0.0134222
0.0134218
0.0134215
0.0134212
0.0134209
0.0134207
0.0134205
0.0134203
0.0134201
0.01342
0.0134199
0.0134198
0.0134197
0.0134197
0.0134197
0.0134197
0.0134197
0.0134197
0.0134197
0.0134198
0.0134199
0.01342
0.0134201
0.0134202
0.0134203
0.0134205
0.0134206
0.0134208
0.013421
0.0134211
0.0134213
0.0134215
0.0134218
0.013422
0.0134222
0.0134224
0.0134227
0.0134229
0.0134232
0.0134235
0.0134237
0.013424
0.0134243
0.0134245
0.0134248
0.0134251
0.0134254
0.0134257
0.013426
0.0134263
0.0134266
0.0134269
0.0134272
0.0134275
0.0134278
0.0134281
0.0134284
0.0134287
0.013429
0.0134293
0.0134296
0.0134299
0.0134302
0.0134305
0.0134308
0.0134312
0.0134315
0.0134318
0.0134321
0.0134324
0.0134327
0.013433
0.0134333
0.0134336
0.0134338
0.0134341
0.0134344
0.0134347
0.013435
0.0134353
0.0134356
0.0134358
0.0134361
0.0134364
0.0134367
0.0134369
0.0134372
0.0134375
0.0134377
0.013438
0.0134383
0.0134385
0.0134388
0.013439
0.0134393
0.0134395
0.0134398
0.01344
0.0134402
0.0134405
0.0134407
0.0134409
0.0134412
0.0134414
0.0134416
0.0134418
0.013442
0.0134423
0.0134425
0.0134427
0.0134429
0.0134431
0.0134433
0.0134435
0.0134437
0.0134439
0.013444
0.0134442
0.0134444
0.0134446
0.0134448
0.0134449
0.0134451
0.0134453
0.0134454
0.0134456
0.0134458
0.0134459
0.0134461
0.0134462
0.0134464
0.0134465
0.0134467
0.0134468
0.0134469
0.0134471
0.0134472
0.0134473
0.0134475
0.0134476
0.0134477
0.0134478
0.0134479
0.0134481
0.0134482
0.0134483
0.0134484
0.0134485
0.0134486
0.0134487
0.0134488
0.0134489
0.013449
0.0134491
0.0134492
0.0134492
0.0134493
0.0134494
0.0134495
0.0134496
0.0134496
0.0134497
0.0134498
0.0134498
0.0134499
0.01345
0.01345
0.0134501
0.0134501
0.0134502
0.0134502
0.0134503
0.0134503
0.0134504
0.0134504
0.0134505
0.0134505
0.0134506
0.0134506
0.0134506
0.0134507
0.0134507
0.0134507
0.0134507
0.0134508
0.0134508
0.0134508
0.0134508
0.0134508
0.0134509
0.0134509
0.0134509
0.0134509
0.0134509
0.0134509
0.0134509
0.0134509
0.0134509
0.0134509
0.0134509
0.0134509
0.0134509
0.0134509
0.0134509
0.0134509
0.0134509
0.0134509
0.0134509
0.0134508
0.0134508
0.0134508
0.0134508
0.0134508
0.0134507
0.0134507
0.0134507
0.0134507
0.0134506
0.0134506
0.0134506
0.0134505
0.0134505
0.0134505
0.0134504
0.0134504
0.0134504
0.0134503
0.0134503
0.0134502
0.0134502
0.0134501
0.0134501
0.01345
0.01345
0.0134499
0.0134499
0.0134498
0.0134498
0.0134497
0.0134497
0.0134496
0.0134496
0.0134495
0.0134494
0.0134494
0.0134493
0.0134493
0.0134492
0.0134491
0.0134491
0.013449
0.0134489
0.0134489
0.0134488
0.0134487
0.0134486
0.0134486
0.0134485
0.0134484
0.0134483
0.0134483
0.0134482
0.0134481
0.013448
0.0134479
0.0134479
0.0134478
0.0134477
0.0134476
0.0134475
0.0134474
0.0134473
0.0134473
0.0134472
0.0134471
0.013447
0.0134469
0.0134468
0.0134467
0.0134466
0.0134465
0.0134464
0.0134463
0.0134462
0.0134461
0.013446
0.0134459
0.0134458
0.0134457
0.0134456
0.0134455
0.0134454
0.0134453
0.0134452
0.0134451
0.013445
0.0134449
0.0134448
0.0134447
0.0134446
0.0134445
0.0134443
0.0134442
0.0134441
0.013444
0.0134439
0.0134438
0.0134437
0.0134436
0.0134434
0.0134433
0.0134432
0.0134431
0.013443
0.0134428
0.0134427
0.0134426
0.0134425
0.0134424
0.0134422
0.0134421
0.013442
0.0134419
0.0134417
0.0134416
0.0134415
0.0134414
0.0134412
0.0134411
0.013441
0.0134409
0.0134407
0.0134406
0.0134405
0.0134403
0.0134402
0.0134401
0.0134399
0.0134398
0.0134397
0.0134395
0.0134394
0.0134393
0.0134391
0.013439
0.0134389
0.0134387
0.0134386
0.0134384
0.0134383
0.0134382
0.013438
0.0134379
0.0134377
0.0134376
0.0134375
0.0134373
0.0134372
0.013437
0.0134369
0.0134367
0.0134366
0.0134364
0.0134363
0.0134362
0.013436
0.0134359
0.0134357
0.0134356
0.0134354
0.0134353
0.0134351
0.013435
0.0134348
0.0134347
0.0134345
0.0134344
0.0134342
0.013434
0.0134339
0.0134337
0.0134336
0.0134334
0.0134333
0.0134331
0.013433
0.0134328
0.0134327
0.0134325
0.0134323
0.0134322
0.013432
0.0134319
0.0134317
0.0134315
0.0134314
0.0134312
0.0134311
0.0134309
0.0134307
0.0134306
0.0134304
0.0134302
0.0134301
0.0134299
0.0134298
0.0134296
0.0134294
0.0134293
0.0134291
0.0134289
0.0134288
0.0134286
0.0134284
0.0134283
0.0134281
0.0134279
0.0134277
0.0134276
0.0134274
0.0134272
0.0134271
0.0134269
0.0134267
0.0134266
0.0134264
0.0134262
0.013426
0.0134259
0.0134257
0.0134255
0.0134253
0.0134252
0.013425
0.0134248
0.0134246
0.0134245
0.0134243
0.0134241
0.0134239
0.0134237
0.0134236
0.0134234
0.0134232
0.013423
0.0134229
0.0134227
0.0134225
0.0134223
0.0134221
0.013422
0.0134218
0.0134216
0.0134214
0.0134212
0.013421
0.0134209
0.0134207
0.0134205
0.0134203
0.0134201
0.0134199
0.0134197
0.0134196
0.0134194
0.0134192
0.013419
0.0134188
0.0134186
0.0134184
0.0134183
0.0134181
0.0134179
0.0134177
0.0134175
0.0134173
0.0134171
0.0134169
0.0134167
0.0134165
0.0134164
0.0134162
0.013416
0.0134158
0.0134156
0.0134154
0.0134152
0.013415
0.0134148
0.0134146
0.0134144
0.0134142
0.013414
0.0134138
0.0134136
0.0134134
0.0134132
0.013413
0.0134129
0.0134127
0.0134125
0.0134123
0.0134121
0.0134119
0.0134117
0.0134115
0.0134113
0.0134111
0.0134109
0.0134107
0.0134105
0.0134103
0.0134101
0.0134099
0.0134097
0.0134095
0.0134092
0.013409
0.0134088
0.0134086
0.0134084
0.0134082
0.013408
0.0134078
0.0134076
0.0134074
0.0134072
0.013407
0.0134068
0.0134066
0.0134064
0.0134062
0.013406
0.0134058
0.0134055
0.0134053
0.0134051
0.0134049
0.0134047
0.0134045
0.0134043
0.0134041
0.0134039
0.0134037
0.0134035
0.0134032
0.013403
0.0134028
0.0134026
0.0134024
0.0134022
0.013402
0.0134018
0.0134015
0.0134013
0.0134011
0.0134009
0.0134007
0.0134005
0.0134003
0.0134
0.0133998
0.0133996
0.0133994
0.0133992
0.013399
0.0133987
0.0133985
0.0133983
0.0133981
0.0133979
0.0133976
0.0133974
0.0133972
0.013397
0.0133968
0.0133966
0.0133963
0.0133961
0.0133959
0.0133957
0.0133954
0.0133952
0.013395
0.0133948
0.0133946
0.0133943
0.0133941
0.0133939
0.0133937
0.0133934
0.0133932
0.013393
0.0133928
0.0133925
0.0133923
0.0133921
0.0133919
0.0133916
0.0133914
0.0133912
0.013391
0.0133907
0.0133905
0.0133903
0.0133901
0.0133898
0.0133896
0.0133894
0.0133891
0.0133889
0.0133887
0.0133885
0.0133882
0.013388
0.0133878
0.0133875
0.0133873
0.0133871
0.0133868
0.0133866
0.0133864
0.0133861
0.0133859
0.0133857
0.0133854
0.0133852
0.013385
0.0133847
0.0133845
0.0133843
0.013384
0.0133838
0.0133836
0.0133833
0.0133831
0.0133829
0.0133826
0.0133824
0.0133822
0.0133819
0.0133817
0.0133815
0.0133812
0.013381
0.0133807
0.0133805
0.0133803
0.01338
0.0133798
0.0133795
0.0133793
0.0133791
0.0133788
0.0133786
0.0133783
0.0133781
0.0133779
0.0133776
0.0133774
0.0133771
0.0133769
0.0133767
0.0133764
0.0133762
0.0133759
0.0133757
0.0133754
0.0133752
0.013375
0.0133747
0.0133745
0.0133742
0.013374
0.0133737
0.0133735
0.0133732
0.013373
0.0133728
0.0133725
0.0133723
0.013372
0.0133718
0.0133715
0.0133713
0.013371
0.0133708
0.0133705
0.0133703
0.01337
0.0133698
0.0133695
0.0133693
0.013369
0.0133688
0.0133685
0.0133683
0.013368
0.0133678
0.0133675
0.0133673
0.013367
0.0133668
0.0133665
0.0133663
0.013366
0.0133658
0.0133655
0.0133653
0.013365
0.0133648
0.0133645
0.0133643
0.013364
0.0133637
0.0133635
0.0133632
0.013363
0.0133627
0.0133625
0.0133622
0.013362
0.0133617
0.0133614
0.0133612
0.0133609
0.0133607
0.0133604
0.0133602
0.0133599
0.0133596
0.0133594
0.0133591
0.0133589
0.0133586
0.0133584
0.0133581
0.0133578
0.0133576
0.0133573
0.0133571
0.0133568
0.0133565
0.0133563
0.013356
0.0133558
0.0133555
0.0133552
0.013355
0.0133547
0.0133544
0.0133542
0.0133539
0.0133537
0.0133534
0.0133531
0.0133529
0.0133526
0.0133523
0.0133521
0.0133518
0.0133515
0.0133513
0.013351
0.0133508
0.0133505
0.0133502
0.01335
0.0133497
0.0133494
0.0133492
0.0133489
0.0133486
0.0133484
0.0133481
0.0133478
0.0133476
0.0133473
0.013347
0.0133467
0.0133465
0.0133462
0.0133459
